153
162
122
134
107
140
154
164
125
134
108
142
155
167
128
135
111
145
157
169
132
136
112
148
158
172
135
137
114
151
159
175
139
137
154
154
157
162
181
147
140
156
160
163
184
151
141
159
163
165
187
155
141
160
166
166
190
160
142
162
169
168
194
164
144
164
173
169
197
169
145
165
168
180
172
204
178
147
170
183
173
207
183
148
172
187
176
211
188
150
175
191
176
214
194
151
176
194
178
217
198
152
179
198
179
221
204
98
98
183
206
182
227
214
98
182
210
183
230
219
99
186
214
185
234
224
101
187
218
185
236
229
101
190
223
187
241
234
102
193
226
188
245
239
244
104
195
235
193
253
249
104
199
239
195
257
254
159
203
243
196
262
259
158
207
247
199
264
263
158
170
250
200
270
268
158
175
254
201
273
277
277
157
176
234
206
281
281
156
178
235
207
283
285
155
181
236
209
270
289
154
181
240
210
274
293
154
183
240
209
273
296
152
181
242
209
212
276
302
90
176
272
211
279
305
88
181
273
212
280
307
87
177
273
214
281
309
86
181
273
213
281
311
85
177
274
213
280
313
84
178
273
275
216
281
316
82
178
277
217
280
318
80
177
276
218
279
320
79
170
278
216
281
321
78
174
277
217
280
322
76
171
279
217
280
324
74
167
165
278
217
279
325
70
166
276
218
281
325
68
163
278
219
281
325
67
159
276
218
281
326
66
158
277
221
279
326
65
155
277
220
278
326
63
63
146
276
221
275
325
61
141
274
222
272
324
59
136
273
219
270
323
59
134
271
220
269
323
58
130
270
221
266
321
55
128
268
220
264
319
318
53
122
266
215
259
316
51
120
264
213
258
313
50
118
265
215
256
312
48
113
264
213
254
309
49
112
263
213
252
306
47
108
263
213
250
249
299
45
104
259
210
247
295
42
106
256
208
245
293
43
103
257
211
243
290
40
99
256
209
241
293
40
95
258
215
239
294
42
95
258
215
217
234
298
47
89
262
214
233
304
47
87
268
217
233
305
43
85
271
218
231
305
47
74
274
218
229
307
41
83
274
216
228
306
39
79
273
275
216
217
304
36
76
277
218
224
304
39
78
277
219
227
308
36
83
278
219
224
311
43
76
280
222
229
313
40
74
280
221
230
314
43
81
72
285
224
231
314
47
68
287
226
230
313
45
67
290
232
236
310
48
65
291
238
230
309
41
60
293
238
224
308
38
53
291
235
217
306
36
29
47
287
213
207
299
46
37
289
234
203
296
50
39
288
238
198
294
58
31
286
236
194
290
58
32
285
237
192
286
61
30
288
239
190
281
278
63
29
294
242
183
273
53
32
295
239
178
269
58
34
297
242
178
265
53
32
299
244
176
264
57
28
301
248
172
264
63
32
303
251
170
170
260
67
25
308
249
168
256
69
27
309
249
177
255
70
29
310
252
188
254
67
28
313
253
193
253
68
28
315
255
190
252
70
30
316
256
259
185
250
74
30
315
260
183
249
72
36
314
259
186
249
75
33
313
259
184
248
77
26
311
257
185
248
77
23
310
255
186
247
78
20
309
307
252
187
245
82
18
311
255
186
248
88
16
315
258
183
249
92
15
316
257
183
247
95
14
318
258
179
241
93
15
318
256
177
237
93
14
13
316
256
172
232
96
13
314
254
173
231
94
13
312
251
179
238
89
13
310
251
183
241
92
12
308
249
178
243
90
12
306
247
175
242
88
88
10
306
243
171
242
87
10
303
239
171
242
87
10
301
237
171
243
84
11
298
237
171
241
83
11
294
231
171
241
81
11
290
230
175
242
243
84
62
292
230
174
243
81
56
286
228
173
244
75
54
284
224
170
243
81
51
282
238
172
243
85
56
278
244
172
243
81
59
291
226
173
172
245
75
70
286
223
170
244
75
31
280
233
172
245
74
30
282
211
177
249
73
33
283
199
177
250
70
33
288
214
176
249
68
42
292
210
213
178
251
65
33
291
220
182
254
62
32
286
220
187
256
66
31
282
228
183
255
66
27
287
229
190
257
66
24
283
233
192
256
63
26
279
276
235
196
259
62
21
273
237
197
261
60
19
272
235
198
263
60
17
270
239
199
264
59
16
268
237
198
265
60
15
265
236
198
266
63
12
8
261
235
199
269
58
93
259
233
214
270
57
93
257
232
209
272
63
9
256
231
209
268
68
4
254
230
209
267
64
7
253
185
202
265
65
60
91
251
180
192
260
127
13
249
180
188
257
124
11
248
177
183
253
56
55
247
172
183
256
55
34
244
167
183
261
53
35
242
160
183
263
267
44
77
237
149
182
268
42
82
232
148
182
271
40
111
205
148
180
272
38
107
202
146
181
274
42
47
200
143
180
275
41
48
197
140
178
163
272
37
86
193
139
165
269
40
39
190
133
150
266
37
80
187
133
156
270
102
26
185
128
154
260
95
75
181
128
150
263
39
14
177
120
121
151
266
38
10
173
110
151
266
36
23
170
103
152
269
41
66
163
92
140
270
99
53
163
92
139
271
36
41
158
80
132
265
24
42
153
148
57
124
263
17
49
145
43
126
265
17
51
139
34
116
264
19
47
136
28
117
264
21
47
133
23
109
261
21
55
132
20
123
262
24
61
85
135
22
124
261
29
41
129
14
124
258
36
32
131
17
122
255
54
21
132
16
116
237
109
19
138
17
123
237
108
78
137
11
149
232
107
104
78
133
7
142
230
108
74
134
15
102
228
113
74
138
35
114
228
116
72
140
50
122
225
118
68
142
47
125
226
118
67
143
52
133
230
217
121
73
146
51
138
210
124
76
151
52
169
161
125
83
155
54
168
168
128
92
156
51
184
133
129
95
157
48
188
128
131
98
156
48
193
199
114
137
101
144
45
201
110
140
97
134
48
206
107
141
101
132
46
210
108
145
101
131
48
214
106
146
104
129
49
215
117
148
106
130
47
45
226
98
94
111
127
46
227
101
91
114
131
43
229
98
74
118
130
43
240
90
69
124
131
42
244
91
72
126
129
39
240
84
61
128
132
127
37
229
83
71
131
125
36
220
83
74
132
122
36
214
84
72
77
124
33
208
87
66
61
123
31
202
107
66
54
123
29
196
116
58
44
43
126
29
195
133
61
39
124
29
204
121
63
38
121
31
214
85
65
39
125
31
221
78
66
40
128
31
226
75
68
41
129
31
228
84
69
72
45
126
33
230
100
72
45
120
32
219
141
72
48
119
33
213
166
78
49
122
34
210
177
80
50
128
35
210
187
85
51
132
36
208
190
193
95
54
137
35
207
197
111
56
142
34
206
205
116
57
145
35
204
213
133
63
143
36
203
214
192
68
142
38
201
213
186
75
144
41
200
200
212
180
78
144
43
199
210
177
84
144
43
200
208
174
95
142
44
200
204
173
107
143
42
199
203
169
110
143
45
200
203
169
116
142
44
44
201
201
164
135
144
43
199
198
164
166
145
44
202
198
162
162
146
45
202
199
160
158
148
46
201
198
157
153
147
47
205
201
155
149
150
150
50
212
193
153
139
150
52
216
188
150
137
150
54
232
184
149
133
150
57
226
181
147
131
148
59
221
180
148
127
147
61
217
177
89
131
131
150
68
201
169
82
144
146
67
203
164
85
152
145
68
203
161
85
162
144
67
202
159
141
167
144
68
205
160
145
175
142
67
203
158
146
147
178
142
66
197
168
145
140
142
65
200
174
146
141
146
67
200
177
144
142
147
68
205
180
138
181
152
73
207
183
136
180
154
75
209
185
189
129
176
156
76
205
189
127
173
159
78
206
193
125
170
162
78
205
196
123
166
167
81
206
200
119
126
168
82
207
197
59
123
169
83
208
210
190
55
118
169
86
208
184
51
115
170
86
210
180
113
114
170
87
211
177
51
112
169
138
196
180
48
111
201
138
190
184
50
111
201
137
136
177
204
53
112
202
137
170
205
53
112
203
135
166
208
54
113
208
138
165
210
113
112
212
141
164
213
112
112
216
144
162
215
106
112
220
223
152
157
206
98
110
224
151
153
208
97
108
224
152
155
213
103
111
224
150
155
217
104
113
225
151
155
220
107
116
225
150
154
224
56
118
118
226
150
153
231
54
117
224
150
152
228
56
115
225
150
152
225
55
115
224
148
156
229
52
112
226
151
158
234
50
108
227
155
158
238
47
44
98
227
156
154
237
40
96
226
157
154
235
39
94
227
159
147
231
54
90
226
157
142
236
49
88
226
156
139
240
42
84
226
158
136
243
248
35
79
225
160
128
245
30
77
224
159
124
242
25
75
224
159
116
239
21
72
223
161
127
241
27
67
223
166
129
238
31
58
223
169
130
129
230
47
48
224
175
125
224
54
43
224
177
123
220
42
41
225
180
120
216
34
36
226
183
117
213
35
39
227
184
115
210
36
44
229
184
185
111
203
44
43
236
184
108
199
44
44
241
186
107
196
29
45
245
186
106
193
29
46
244
188
105
191
23
47
243
189
104
189
39
45
242
241
193
103
186
22
47
239
195
104
185
23
47
237
196
107
185
25
51
236
198
108
192
26
52
235
200
105
194
26
49
233
180
101
196
54
47
44
229
176
92
201
62
40
228
171
89
202
31
40
226
175
85
198
32
38
224
170
83
192
34
35
222
176
79
188
38
64
220
180
75
183
41
43
55
215
174
72
173
81
50
213
172
68
168
85
52
210
169
58
164
55
49
207
171
55
158
60
52
204
169
57
154
97
63
200
155
54
148
144
62
60
194
155
41
136
55
63
189
149
39
135
55
37
186
145
40
136
104
37
183
129
38
135
105
40
179
127
34
133
41
35
178
149
32
30
118
90
49
168
134
25
112
92
51
168
139
22
104
27
37
174
143
20
102
33
39
189
142
16
98
43
41
192
132
16
107
110
48
195
129
143
9
95
65
38
202
122
11
103
119
43
205
115
8
96
78
40
210
112
9
94
89
42
207
121
10
95
100
46
204
105
12
94
101
47
185
175
108
41
94
111
56
167
105
49
93
111
60
161
96
45
90
110
58
156
117
43
91
112
64
147
105
39
90
131
103
141
125
17
86
132
75
70
133
120
25
91
117
61
140
108
21
88
113
59
149
131
6
79
113
56
148
136
9
70
112
56
144
137
12
64
108
90
138
139
15
56
103
97
66
140
121
4
50
92
71
141
120
13
44
81
127
149
132
21
38
73
129
168
133
24
33
74
115
167
134
31
27
50
113
168
158
34
23
20
43
115
175
148
39
15
51
129
174
136
41
14
56
82
179
142
38
22
58
84
181
134
41
15
67
135
176
123
39
15
60
86
179
113
41
43
16
71
133
176
80
44
13
84
81
180
77
47
13
88
90
182
86
45
17
89
99
175
89
45
16
72
164
164
111
48
14
75
170
155
116
97
48
14
73
104
149
97
50
17
75
110
147
90
52
23
78
114
140
81
52
27
76
118
136
67
53
29
75
123
132
58
49
33
80
137
131
113
49
54
32
78
148
101
53
55
32
77
152
99
56
54
38
73
150
98
61
58
35
74
147
99
116
60
33
70
142
103
64
58
31
65
139
137
104
53
65
27
59
137
108
50
67
25
56
111
113
88
69
25
53
112
121
50
71
24
59
113
123
52
73
24
52
113
121
57
72
23
45
40
116
117
54
76
21
41
118
116
54
78
21
46
120
122
53
83
19
53
123
123
56
88
15
53
126
122
54
92
12
54
127
119
56
96
9
5
54
135
111
61
105
2
47
142
106
66
110
2
40
161
108
70
114
6
33
163
107
68
114
14
25
164
105
65
102
22
20
167
106
64
71
47
52
20
175
110
69
35
60
24
182
107
77
27
70
26
184
105
73
29
77
26
188
105
74
21
82
28
190
107
76
21
89
30
194
109
78
77
29
92
33
198
97
75
34
93
38
200
91
74
27
93
39
202
85
73
30
92
40
203
78
71
43
88
46
203
71
70
50
116
56
199
65
70
70
50
118
80
190
75
72
44
114
93
188
73
74
41
111
110
191
80
74
42
109
129
200
87
76
40
107
165
208
93
75
41
104
160
210
210
97
82
43
96
149
214
98
88
42
93
147
215
100
91
42
90
145
216
104
93
40
85
143
215
105
92
38
81
139
216
106
91
42
75
128
116
216
113
94
43
67
111
218
115
99
40
57
122
212
94
106
36
59
129
205
89
101
35
54
129
197
86
104
32
55
128
184
91
95
30
55
56
136
127
105
83
24
54
147
124
115
81
26
55
147
127
129
80
25
56
151
128
136
76
25
57
152
126
134
76
22
57
152
127
131
72
20
19
54
150
125
126
67
16
51
148
123
122
65
15
48
149
123
124
63
15
47
149
122
121
60
15
47
151
123
123
57
17
48
152
122
125
57
55
26
54
153
121
130
51
31
55
155
123
132
49
37
55
157
123
135
46
42
56
159
125
136
44
48
55
160
125
139
43
40
54
163
126
142
145
40
34
60
162
127
146
38
33
64
165
131
149
39
30
67
167
128
154
41
29
69
169
130
150
43
28
71
171
129
145
43
27
72
171
128
131
135
25
25
74
172
130
129
21
25
76
174
130
125
20
25
77
176
134
121
18
26
78
179
134
117
17
26
78
173
138
114
17
26
79
167
160
125
108
15
26
78
151
120
105
11
25
79
145
108
103
11
25
80
137
100
103
10
25
81
131
89
103
9
25
83
124
80
102
9
25
85
87
110
61
105
4
25
88
102
38
104
6
26
89
97
35
105
10
27
88
94
30
106
12
28
88
92
26
106
21
29
90
91
27
107
17
30
32
90
90
24
108
12
34
91
88
19
106
31
36
91
88
19
107
30
37
91
87
19
107
33
38
94
87
19
106
33
40
94
86
18
107
33
37
43
95
84
24
104
35
53
94
83
29
103
37
53
92
82
32
101
38
53
92
81
38
100
37
53
91
81
37
99
38
54
90
80
40
98
96
39
55
86
77
45
96
40
56
85
75
48
94
41
57
82
70
50
90
42
58
80
69
52
89
43
58
80
66
51
84
44
59
78
61
53
55
79
36
61
74
53
61
73
26
62
72
49
64
72
24
64
69
43
70
65
25
65
66
44
72
62
28
68
63
38
78
62
33
66
62
43
43
87
52
40
61
60
44
89
50
44
60
59
42
91
47
50
59
60
42
99
47
52
59
60
40
102
44
55
59
59
39
104
44
60
59
59
60
46
111
45
64
59
61
56
114
49
67
60
62
54
117
50
67
60
63
62
120
56
75
60
65
68
123
55
76
62
66
78
127
62
78
62
63
72
90
137
70
83
66
76
98
140
69
84
66
78
99
143
78
88
67
85
90
145
81
92
68
87
91
143
83
89
68
87
88
142
83
87
92
69
92
79
147
92
94
74
95
75
150
97
96
77
100
77
148
100
98
80
104
76
151
108
100
79
109
73
155
115
101
82
115
71
158
118
117
108
88
114
92
153
108
116
89
114
94
146
102
119
95
115
104
135
109
124
97
115
111
123
111
130
99
115
108
111
107
132
102
114
104
98
84
87
123
111
112
98
82
73
112
117
111
87
100
55
94
118
109
82
83
33
65
125
109
79
75
35
35
131
110
77
75
36
39
135
109
78
82
81
58
47
139
100
84
83
68
52
140
87
86
85
76
57
136
71
90
86
82
59
125
52
93
87
88
52
104
31
97
88
94
49
79
11
32
105
92
107
48
30
54
107
93
112
50
20
66
110
94
117
52
17
76
115
95
122
51
16
84
118
97
125
50
17
91
121
98
130
49
20
21
99
130
102
140
55
26
103
128
101
141
60
30
105
134
105
147
63
36
108
136
106
151
67
39
111
139
107
154
69
54
108
142
107
156
71
72
56
116
147
107
155
72
55
117
149
109
160
78
55
111
152
110
170
83
43
112
157
113
171
86
45
108
160
113
167
73
49
102
165
117
161
159
51
30
92
169
117
156
43
28
84
174
120
155
40
25
77
178
122
148
41
19
77
182
123
137
35
16
78
186
127
137
29
16
81
181
122
108
130
16
18
86
172
101
128
11
28
89
168
93
126
7
16
91
163
85
125
12
11
92
158
78
124
17
7
94
153
71
124
21
4
96
148
143
58
122
28
9
92
137
51
120
32
13
87
132
46
119
34
18
82
128
43
115
26
23
76
124
46
108
16
24
71
120
57
98
13
24
69
67
107
54
122
2
25
67
107
55
140
4
26
70
104
60
153
6
22
72
98
64
163
22
19
72
101
54
168
17
16
71
119
43
165
19
15
15
69
129
45
148
16
14
67
132
43
150
22
24
65
136
39
151
26
24
64
139
49
153
28
11
62
142
45
155
28
10
62
145
43
140
29
31
20
60
132
25
107
33
19
56
123
24
98
34
25
54
116
24
92
33
27
51
109
25
85
33
26
47
101
27
79
33
29
42
94
31
73
70
32
34
35
80
38
67
29
30
31
77
43
68
27
24
28
76
45
66
26
22
25
70
46
63
25
20
23
69
48
63
25
19
21
67
51
53
58
23
22
18
59
56
55
22
21
20
57
58
55
22
23
21
55
61
54
21
22
22
53
64
53
21
23
23
51
64
52
23
24
25
49
43
71
43
30
25
27
42
74
44
30
