197
125
105
192
167
115
198
123
103
194
167
113
197
121
102
195
167
112
198
119
101
196
167
110
198
118
100
197
167
109
198
116
96
198
167
107
105
197
113
86
199
165
102
197
112
79
199
164
100
196
110
71
199
164
98
194
108
70
201
164
96
195
107
68
202
164
95
195
105
67
204
163
163
92
170
102
57
206
162
90
169
100
57
208
162
89
169
98
55
209
161
87
168
96
54
211
161
86
167
94
51
212
161
84
167
92
50
213
215
161
81
165
88
43
216
160
79
163
87
42
218
160
78
163
85
42
219
160
76
161
83
41
221
160
75
161
81
41
222
160
73
160
79
42
42
225
161
71
160
75
40
226
160
69
159
73
41
227
161
68
158
71
41
229
161
68
159
69
41
231
162
68
158
68
41
232
162
66
158
66
64
41
235
162
64
157
64
23
233
172
89
151
62
17
231
160
73
151
62
7
234
170
92
150
58
16
231
185
92
152
55
14
229
186
92
153
153
52
24
229
190
116
152
45
19
226
184
110
151
41
32
227
185
107
150
37
40
226
181
100
150
33
47
226
179
95
149
34
51
226
175
92
70
177
63
74
218
153
64
180
69
77
218
151
62
181
73
78
218
149
62
181
78
79
219
148
61
181
73
73
222
151
64
179
96
79
220
144
143
61
181
100
79
222
145
63
180
97
77
224
148
66
178
97
77
224
147
66
177
97
78
224
148
67
176
96
77
225
149
69
174
98
79
225
227
149
74
172
97
79
226
148
75
172
96
79
227
148
75
172
97
81
227
147
74
171
96
82
227
146
73
171
96
84
227
146
72
171
95
85
87
227
144
70
171
94
88
227
144
70
170
93
89
227
144
70
171
92
89
228
145
71
170
89
90
228
146
70
170
88
90
228
146
70
171
85
84
90
228
148
70
172
82
91
227
148
69
172
81
91
227
149
69
172
80
92
227
149
70
173
79
92
227
149
70
173
77
93
227
149
71
174
174
75
93
227
150
72
175
73
94
227
149
72
175
72
95
227
149
72
175
71
94
227
150
73
175
70
95
226
149
73
175
73
96
224
148
73
73
176
69
97
224
149
74
175
70
97
224
148
74
176
70
97
224
148
74
175
70
97
224
148
74
176
67
96
225
149
74
175
67
95
225
149
149
75
175
65
91
224
149
75
175
59
65
227
153
76
172
49
31
230
161
77
167
36
54
232
173
91
158
51
52
232
175
94
159
48
52
232
231
176
99
158
35
52
221
175
100
156
34
50
219
174
100
156
35
49
214
175
100
156
37
47
211
173
98
157
40
49
206
171
98
158
26
57
62
198
172
101
159
23
67
194
171
102
159
23
72
187
169
104
160
21
55
183
169
105
160
22
55
178
167
106
159
20
47
169
164
105
159
20
52
159
101
156
21
54
129
152
100
143
17
48
120
153
99
139
16
49
116
152
100
134
15
49
119
150
100
129
13
58
118
144
117
123
12
60
118
141
119
118
7
53
122
144
109
110
25
53
124
137
113
107
13
58
124
129
108
105
14
45
121
130
103
103
15
45
123
127
104
103
19
51
120
116
102
98
19
57
115
112
101
97
17
40
110
110
95
101
19
39
100
103
90
99
15
57
94
93
93
93
19
38
88
95
87
94
19
38
84
93
89
93
21
45
80
83
86
90
11
42
77
79
84
87
24
33
69
78
80
88
32
26
62
73
75
81
11
40
56
66
77
80
27
29
52
65
70
68
29
39
48
60
71
67
36
24
44
59
68
52
37
22
41
56
62
36
11
43
37
53
65
62
38
21
60
22
44
16
24
44
55
17
43
27
20
38
58
12
27
23
16
39
61
7
46
13
12
39
54
4
50
10
8
39
49
4
49
18
4
33
49
0
59
5
0
33
50
0
36
19
0
31
41
0
56
11
0
31
68
15
0
23
26
0
70
15
0
22
28
0
74
18
0
19
35
0
79
22
0
16
45
0
79
31
0
13
40
0
68
26
0
13
35
0
58
21
0
11
36
0
42
10
0
9
68
0
33
8
0
10
79
5
0
11
82
0
34
5
0
12
85
0
39
10
0
13
85
0
40
9
0
14
88
0
41
10
0
15
89
0
39
9
0
17
90
0
38
8
0
18
91
0
41
11
0
19
91
0
34
7
0
21
96
0
33
24
87
0
31
8
0
26
87
0
31
9
0
28
94
0
29
9
0
29
85
0
28
10
0
31
85
0
22
10
0
33
82
0
26
11
0
33
80
0
28
11
0
34
77
0
29
11
0
36
78
0
28
11
81
0
31
12
0
40
81
0
34
12
0
41
82
0
35
14
0
43
85
0
35
14
0
44
78
0
35
15
0
46
76
0
35
15
0
48
74
0
34
15
0
50
71
0
34
15
0
51
69
0
35
16
0
53
36
16
0
55
60
0
36
17
0
56
55
0
40
16
0
57
52
0
39
17
0
59
50
0
38
18
0
62
47
0
43
18
0
63
45
0
43
19
0
64
43
0
43
20
0
66
41
0
37
21
0
70
33
0
32
27
25
0
78
19
0
24
27
0
79
27
0
21
29
0
81
33
0
19
30
0
84
38
0
17
32
0
84
44
0
9
36
0
89
49
0
23
58
0
101
55
0
26
55
0
102
62
0
24
50
0
102
68
0
24
48
0
101
75
0
23
46
0
101
81
0
21
44
0
101
102
83
0
9
38
0
90
60
0
8
41
0
77
45
0
9
40
0
73
37
0
12
38
0
70
31
0
14
37
0
69
26
0
17
37
0
57
17
0
20
36
0
56
15
0
23
35
0
56
12
0
27
34
0
54
6
0
30
34
0
53
4
0
33
33
0
53
5
0
35
33
32
0
53
0
0
44
31
0
52
0
0
46
31
0
53
0
0
47
31
0
55
1
0
49
31
0
56
1
0
52
31
0
58
2
0
56
32
0
60
3
0
58
33
0
61
4
0
61
34
0
64
5
0
64
36
6
0
68
38
0
73
8
0
68
36
0
76
7
0
69
37
0
76
8
0
69
37
0
76
8
0
70
37
0
77
9
0
71
38
0
78
10
0
73
41
0
79
10
0
73
42
0
80
11
0
76
45
0
79
77
46
0
80
13
0
79
46
0
79
13
0
80
48
0
80
15
0
81
49
0
81
16
0
83
51
0
82
18
0
85
53
0
83
21
0
85
54
0
83
22
0
87
57
0
82
23
0
88
58
0
81
25
57
0
79
26
0
84
53
0
76
26
0
84
53
0
74
26
0
82
51
0
72
27
0
83
52
0
69
29
0
82
51
0
67
29
0
82
51
0
66
30
0
82
51
0
64
31
0
82
51
0
62
32
0
75
54
33
0
71
44
0
51
32
0
70
43
0
50
32
0
71
43
0
48
33
0
72
44
0
45
34
0
73
44
0
42
34
0
74
45
0
40
36
0
76
46
0
38
37
0
76
47
0
36
37
0
75
46
39
0
73
44
0
28
39
0
71
43
0
26
38
0
69
42
0
24
39
0
67
41
0
22
41
0
66
39
0
19
41
0
64
38
0
17
42
0
61
36
0
16
42
0
58
34
0
15
43
0
56
32
0
15
53
29
0
18
37
0
53
28
0
23
34
0
52
28
0
25
33
0
51
28
0
27
31
0
51
29
0
30
31
0
51
30
0
32
30
0
50
31
0
34
30
0
50
31
0
36
29
0
50
32
0
38
29
33
0
43
27
0
51
34
0
43
27
0
50
35
0
44
27
0
50
35
0
42
27
0
49
36
0
43
27
0
49
37
0
45
25
0
49
38
0
45
26
0
49
38
0
46
26
0
48
39
0
47
27
0
48
49
28
0
48
41
0
48
29
0
47
41
0
49
31
0
47
42
0
50
30
0
47
42
0
51
32
0
47
43
0
52
34
0
47
43
0
53
35
0
47
43
0
54
36
0
47
43
0
54
37
0
47
43
38
0
48
43
0
56
37
0
47
44
0
56
37
0
46
44
0
56
38
0
46
44
0
56
38
0
46
44
0
57
39
0
46
44
0
57
39
0
46
44
0
56
39
0
45
45
0
56
39
0
45
45
0
56
45
45
0
56
39
0
44
45
0
56
42
0
44
44
0
56
46
0
44
44
0
56
47
0
43
44
0
55
49
0
43
43
0
55
49
0
42
43
0
55
47
0
42
42
0
55
47
0
42
41
0
54
47
55
0
63
24
0
44
57
0
63
22
0
45
60
0
64
18
0
45
62
0
64
16
0
46
64
0
63
12
0
46
64
0
62
9
0
46
65
0
61
7
0
45
65
0
61
6
0
45
65
0
61
6
0
44
61
5
0
43
64
0
61
6
0
42
63
0
60
6
0
41
62
0
60
6
0
40
62
0
60
6
0
39
62
0
61
6
0
39
61
0
61
5
0
38
60
0
61
6
0
38
59
0
61
6
0
38
58
6
0
36
54
0
61
7
0
35
51
0
61
9
0
34
46
0
61
9
0
32
39
0
60
11
0
33
29
0
58
11
0
33
24
0
55
11
0
33
21
0
52
10
0
33
20
0
51
10
0
33
20
0
49
33
20
0
47
10
0
32
21
0
47
12
0
32
22
0
46
12
0
32
22
0
45
13
0
32
23
0
44
13
0
32
23
0
43
13
0
32
24
0
43
13
0
32
24
0
42
12
0
32
23
0
42
12
23
0
41
10
0
31
23
0
41
13
0
31
22
0
41
12
0
31
22
0
41
12
0
31
22
0
40
12
0
31
21
0
40
12
0
31
21
0
40
11
0
31
21
0
40
11
0
31
21
0
40
11
0
31
40
10
0
30
22
0
41
13
0
30
21
0
40
11
0
30
21
0
40
11
0
30
21
0
40
11
0
30
21
0
41
11
0
30
20
0
41
10
0
30
21
0
42
10
0
29
21
0
42
10
0
29
22
9
0
27
23
0
43
10
0
27
24
0
44
10
0
25
24
0
43
12
0
25
24
0
43
11
0
25
24
0
42
11
0
24
23
0
41
11
0
24
22
0
40
10
0
24
22
0
39
10
0
23
21
0
37
23
20
0
35
9
0
25
21
0
34
11
0
25
21
0
33
11
0
25
21
0
31
11
0
24
20
0
30
10
0
24
21
0
29
10
0
24
23
0
30
10
0
23
25
0
30
9
0
23
27
0
31
9
26
0
34
8
0
29
58
0
38
6
0
30
59
0
39
6
0
29
58
0
38
6
0
27
56
0
38
7
0
21
32
0
36
9
0
21
27
0
34
9
0
21
25
0
32
9
0
21
24
0
31
9
0
20
30
8
0
20
24
0
29
9
0
19
22
0
28
9
0
19
23
0
27
9
0
18
23
0
27
9
0
18
23
0
27
9
0
17
23
0
26
10
0
17
23
0
26
10
0
17
23
0
26
10
0
16
25
11
0
16
29
0
27
12
0
18
28
0
28
12
0
35
26
0
27
12
0
35
25
0
26
12
0
30
25
0
26
12
0
26
63
0
29
14
0
24
60
0
28
15
0
27
58
0
28
16
0
26
60
0
28
16
54
0
28
18
0
21
56
0
31
18
0
18
65
0
32
19
0
19
59
0
33
20
0
19
70
0
34
39
0
18
62
0
34
35
0
20
65
0
49
31
0
19
64
0
46
26
0
17
50
0
43
23
47
0
41
28
0
18
44
0
39
28
0
19
44
0
39
33
0
20
44
0
40
38
0
16
46
0
42
23
0
17
47
0
45
23
0
18
48
0
48
24
0
19
49
0
47
24
0
20
45
0
50
24
0
22
37
20
0
24
43
0
31
21
0
21
41
0
31
21
0
22
41
0
31
22
0
23
38
0
31
18
0
24
35
0
27
19
0
25
33
0
26
19
0
27
54
0
30
21
0
23
39
0
28
21
0
24
39
26
0
29
56
0
33
20
0
26
34
0
40
21
0
