182
157
64
180
65
93
181
160
64
178
61
93
181
160
61
179
64
83
182
180
158
62
178
68
88
180
157
61
177
68
87
178
157
60
176
65
87
178
157
61
177
68
87
179
157
60
177
70
86
178
160
60
177
64
84
86
179
158
58
175
61
85
177
156
57
175
63
84
177
157
58
175
63
85
177
156
58
175
65
83
177
158
57
175
65
84
177
156
56
175
69
63
84
177
155
55
173
64
81
176
156
53
173
63
82
176
156
54
173
61
81
176
156
53
174
62
82
176
155
56
173
62
81
176
156
54
173
173
63
82
176
153
51
171
60
80
174
150
54
171
60
81
174
150
55
171
63
81
174
149
53
170
56
78
174
148
56
171
65
82
173
144
57
57
172
67
82
173
133
56
172
67
77
171
132
59
172
64
78
171
121
46
172
63
69
171
117
50
169
98
83
170
110
50
166
83
61
171
108
98
55
166
81
46
171
104
54
164
83
63
170
99
54
163
81
59
171
95
60
165
82
38
170
85
62
166
85
35
171
88
63
166
86
33
171
171
92
63
162
82
33
170
79
61
163
85
50
170
95
54
159
79
63
168
95
51
160
86
70
167
99
52
164
74
80
167
99
49
166
67
67
71
166
110
51
167
55
72
166
115
53
168
62
72
165
122
51
167
60
73
165
112
52
167
63
71
165
112
50
168
61
72
165
115
53
167
57
63
71
164
106
51
163
61
69
163
110
49
167
63
70
163
106
51
164
63
68
163
110
48
167
62
70
163
110
50
165
58
70
163
114
47
166
165
59
70
162
108
44
163
61
68
160
106
46
158
56
66
159
107
45
158
61
68
159
103
47
152
58
64
158
107
45
159
61
68
159
102
47
45
158
57
67
159
99
45
145
58
62
155
104
42
154
60
67
156
99
45
146
57
64
156
103
42
150
56
64
156
98
45
145
58
62
155
103
99
45
147
59
62
156
104
42
153
57
65
156
102
44
148
56
64
155
106
41
154
59
67
156
102
44
147
59
64
155
105
42
151
58
66
156
155
104
42
149
59
66
155
98
46
144
58
61
154
103
43
149
59
66
155
98
45
144
59
62
154
104
42
148
59
65
155
98
45
143
57
61
66
155
97
45
141
58
61
152
103
41
146
59
65
153
98
46
144
57
62
153
103
42
148
59
65
154
99
45
143
57
62
153
103
41
145
58
58
61
152
102
42
144
60
66
152
97
45
140
57
61
151
102
42
144
60
66
152
96
45
140
58
60
151
101
42
143
60
66
152
96
45
139
145
59
65
153
94
45
138
57
59
150
100
42
140
59
63
151
95
45
137
57
59
150
100
41
140
58
64
150
95
44
137
57
59
149
100
41
44
137
57
59
149
101
43
142
60
65
151
96
45
139
59
60
150
101
43
142
60
66
151
95
46
138
58
60
149
100
43
141
61
65
150
94
99
42
139
60
64
150
94
46
137
58
59
148
99
43
140
60
64
150
94
46
137
58
58
148
99
43
140
59
64
149
94
45
137
58
59
148
149
94
45
136
57
59
147
99
43
139
61
65
148
94
45
136
58
59
147
99
43
138
63
67
148
93
46
135
57
59
147
98
43
137
62
65
58
146
96
42
134
61
64
146
90
45
132
55
56
144
96
42
134
59
62
146
90
45
132
56
56
144
96
42
134
58
62
145
91
45
132
57
61
64
145
91
45
130
56
56
142
95
42
131
61
64
144
90
45
130
55
56
142
97
43
135
60
64
145
91
46
132
57
57
144
96
44
134
132
57
58
144
95
42
131
61
63
142
90
46
130
56
56
142
95
44
132
61
63
143
89
46
130
56
55
142
94
42
130
60
61
142
88
45
42
130
60
62
142
89
46
129
57
55
141
94
43
130
60
62
142
90
46
129
56
55
141
94
42
130
95
65
141
89
46
129
56
56
141
93
89
46
128
56
58
140
92
42
127
81
53
138
86
45
126
83
57
138
91
42
126
85
51
138
86
45
125
58
58
138
91
42
126
85
62
139
138
90
41
126
80
55
138
87
46
126
55
53
137
91
42
126
80
56
138
86
45
124
55
54
136
90
41
125
74
49
136
86
44
124
80
56
47
136
85
45
123
78
50
134
88
41
123
70
46
134
83
45
123
73
50
133
88
41
123
72
48
134
84
46
124
82
56
135
89
43
125
80
67
60
136
87
41
122
72
48
134
85
46
123
54
51
134
88
42
123
73
50
134
85
46
123
53
51
134
88
41
123
71
48
134
84
46
123
123
67
45
134
84
46
122
73
50
132
87
42
122
67
45
133
83
46
122
70
48
132
86
43
122
66
45
133
81
46
120
68
45
130
85
43
46
121
74
52
131
85
42
120
67
46
131
82
46
120
72
50
130
85
42
120
66
45
130
82
46
120
73
52
130
85
42
119
66
45
130
82
84
42
118
65
43
129
81
46
118
68
48
127
83
43
117
65
41
127
80
46
117
64
43
126
83
43
117
65
41
127
79
46
117
63
43
126
127
78
46
116
63
42
125
82
44
116
65
43
126
78
47
116
68
48
125
82
43
116
65
43
126
79
46
116
65
45
124
82
43
115
65
41
45
123
80
42
112
63
39
121
77
46
112
61
40
119
79
43
112
63
38
121
76
46
112
60
39
119
79
43
111
64
37
121
75
46
112
59
63
37
120
75
47
111
60
39
118
79
44
111
63
40
120
75
47
111
61
40
118
79
44
111
63
40
119
75
47
111
61
40
118
79
43
111
111
61
40
118
79
44
109
64
39
117
75
47
110
61
40
116
78
44
109
64
38
118
75
47
110
60
39
116
78
44
109
64
37
118
73
48
45
109
64
37
117
71
47
107
57
36
112
76
44
107
62
37
114
71
47
107
58
38
112
76
44
107
62
37
114
72
47
107
58
37
112
76
72
47
107
58
37
112
76
45
106
64
37
114
73
47
107
60
39
112
77
45
106
64
38
114
72
48
106
60
39
112
75
45
106
65
36
113
112
76
45
106
64
37
113
70
48
105
59
39
110
75
46
105
64
37
112
70
48
105
60
39
110
75
45
104
63
37
111
69
47
103
59
38
35
109
70
47
102
59
39
107
75
45
102
63
37
109
69
48
102
59
39
106
73
46
102
65
35
108
69
48
102
60
41
107
75
45
102
63
60
40
106
71
45
99
64
33
105
67
47
99
59
39
103
73
44
99
63
34
106
65
48
99
58
38
103
71
45
99
64
33
105
66
48
99
99
63
34
105
65
49
99
58
39
103
71
46
98
65
34
103
64
48
98
58
39
101
72
45
98
63
35
104
65
49
99
60
39
102
72
46
49
99
57
38
103
71
45
96
63
35
101
64
48
96
58
39
99
70
45
96
65
33
101
64
48
96
59
38
99
71
45
95
63
35
101
64
70
46
97
65
34
102
63
48
94
56
38
97
70
45
93
63
36
99
61
48
93
57
38
95
68
68
92
64
33
97
62
67
93
58
37
95
99
61
64
93
56
37
125
68
65
90
63
33
119
62
72
91
54
38
113
70
63
91
62
35
110
61
73
92
56
37
101
69
55
119
63
33
38
90
91
57
104
83
32
83
77
40
102
73
36
75
80
32
95
73
31
72
68
37
91
60
35
66
71
28
84
61
31
65
57
35
82
51
51
59
57
48
33
69
38
56
52
51
22
60
37
47
60
45
31
62
31
45
56
48
20
52
26
36
64
51
28
57
39
34
67
50
17
44
56
48
35
78
57
16
49
48
42
86
71
24
61
57
45
92
66
13
57
60
52
101
82
22
70
68
55
102
76
14
68
71
34
124
113
22
14
79
55
28
113
107
19
92
41
28
105
106
12
120
46
85
105
103
16
114
32
25
101
99
11
106
38
24
102
100
15
108
31
26
97
97
100
11
105
30
28
97
97
8
43
31
28
100
101
8
101
28
29
96
99
5
96
26
86
100
102
18
100
24
32
99
97
8
38
26
89
103
101
98
20
37
23
94
104
107
7
105
22
90
105
102
17
38
27
94
111
110
15
107
24
40
108
104
25
41
32
98
114
113
23
109
30
97
102
120
117
31
113
37
103
120
113
41
54
50
105
125
118
24
117
42
106
127
115
33
62
55
112
131
122
28
123
50
111
133
120
99
70
63
57
100
143
127
42
130
71
119
147
135
115
136
70
119
152
136
122
66
75
74
122
141
76
93
125
59
127
145
135
147
85
49
130
146
138
98
93
81
133
143
94
92
92
78
133
146
94
92
92
79
134
151
93
96
94
80
133
154
92
96
99
90
77
154
95
104
99
88
124
151
96
99
95
96
78
132
148
97
92
96
79
132
146
96
89
95
86
133
144
97
78
94
88
134
142
94
93
93
83
136
141
94
89
92
83
135
141
95
99
65
90
85
133
141
143
65
91
81
132
142
143
65
92
80
132
142
143
65
92
78
132
145
143
65
95
77
132
142
143
64
95
77
132
144
144
143
62
95
76
132
148
144
60
97
81
88
146
145
60
98
82
82
147
146
60
100
82
88
145
145
60
100
70
90
148
145
61
102
71
91
94
103
144
53
101
70
94
146
144
53
100
70
94
146
145
52
98
69
95
98
