115
112
106
68
92
72
111
113
108
65
92
72
110
107
109
65
86
72
110
109
111
65
85
72
109
99
110
65
79
72
109
104
109
64
78
72
109
90
113
64
73
71
108
79
109
64
73
71
108
91
108
63
74
70
108
80
107
104
63
81
71
107
78
103
62
75
69
106
74
103
63
83
72
106
79
103
62
74
69
106
73
103
63
83
70
105
74
103
62
80
69
105
59
102
62
86
69
105
59
102
62
84
69
104
52
102
62
87
69
104
51
102
61
86
70
104
52
102
62
84
70
103
52
101
62
85
70
103
51
84
72
102
56
101
62
84
73
103
56
103
64
86
74
103
61
103
64
85
75
103
65
103
64
86
76
103
90
103
65
85
76
103
91
103
65
85
78
102
93
103
65
86
80
102
97
103
65
86
81
102
103
103
102
122
104
66
80
80
101
143
100
67
90
79
101
141
100
67
89
78
100
139
101
67
92
79
102
139
102
68
92
79
102
141
103
69
93
79
101
143
103
69
93
80
101
145
102
69
92
80
101
146
102
69
92
150
102
69
90
80
100
152
101
69
89
81
100
154
102
69
87
81
100
155
102
69
84
81
99
157
101
69
83
81
99
159
101
69
82
81
99
160
101
69
82
82
99
162
101
70
81
81
98
163
101
70
81
82
98
101
71
81
82
99
164
103
72
80
82
99
164
103
72
80
82
99
164
103
72
80
82
99
164
103
72
80
82
99
164
103
73
80
81
99
163
103
73
81
82
98
163
103
73
82
81
98
162
103
74
83
81
98
162
85
79
97
161
102
74
87
80
98
160
103
74
87
80
98
159
104
75
88
80
98
158
104
75
89
79
97
157
104
76
91
80
97
156
104
76
92
80
97
154
104
76
94
80
97
151
105
76
99
82
96
146
105
77
110
82
95
145
104
77
111
82
95
144
105
77
112
82
95
143
105
77
114
83
95
143
105
78
115
83
95
142
105
78
117
83
95
143
104
78
118
83
95
143
104
80
120
85
96
140
105
81
122
85
96
141
103
80
123
85
95
141
96
80
125
85
95
141
90
81
129
86
95
141
84
81
134
86
94
141
80
81
139
87
94
142
77
145
88
95
145
75
84
147
89
94
145
73
84
148
89
94
148
71
85
149
90
93
148
70
85
149
90
93
149
68
86
150
91
92
149
66
86
151
92
91
149
65
87
152
94
90
150
61
88
153
93
85
151
56
88
153
95
87
152
57
89
154
96
86
152
53
90
155
97
84
153
50
91
156
99
82
153
48
92
156
101
80
153
154
43
93
158
104
76
154
41
93
159
103
71
153
37
92
159
103
70
152
35
93
158
104
106
149
32
94
158
104
112
147
27
94
158
105
114
113
142
19
96
171
106
108
139
24
97
170
107
105
137
28
98
170
107
104
134
34
98
169
108
105
131
41
99
169
108
105
128
45
99
169
109
110
109
124
64
101
167
111
85
96
157
100
162
112
123
54
112
100
159
113
84
59
118
99
149
114
95
66
116
99
143
113
84
86
109
99
133
130
110
117
102
94
101
131
109
134
109
66
99
123
109
127
123
47
99
123
110
122
132
57
98
125
110
117
138
71
97
126
110
113
141
86
97
98
129
111
116
141
90
98
132
112
114
141
92
98
133
112
113
141
95
96
136
113
112
142
97
93
137
113
111
140
97
89
140
114
112
137
98
99
76
143
116
111
132
102
73
145
117
110
131
105
74
146
116
107
129
109
76
151
117
103
127
117
83
151
118
99
124
124
92
155
119
97
121
97
159
90
159
124
93
95
162
90
161
126
92
98
162
89
161
129
92
100
163
88
162
131
90
105
161
87
166
131
87
106
122
87
165
132
90
92
107
142
85
163
133
92
107
142
82
156
133
93
105
144
82
157
133
95
102
147
72
155
133
96
102
149
62
150
79
97
100
151
56
149
79
81
98
97
154
48
150
80
98
96
152
45
153
79
99
95
154
41
153
78
99
94
153
39
154
77
98
94
153
37
158
76
98
91
155
35
158
156
75
97
89
154
26
151
72
96
87
152
21
147
71
96
85
152
17
121
68
94
83
153
14
118
67
93
81
149
16
102
66
92
80
85
19
19
82
67
89
76
86
18
81
65
88
73
84
19
80
64
86
72
80
22
81
63
85
70
138
24
82
62
83
68
134
26
82
60
82
67
129
128
29
85
61
75
64
127
31
70
46
63
59
127
33
66
33
57
60
130
33
59
21
50
60
137
34
45
13
43
60
139
35
35
7
36
60
60
85
32
20
4
24
60
130
32
22
8
18
61
119
33
33
12
18
62
110
33
41
17
18
64
105
32
48
21
25
65
107
31
54
23
29
35
69
115
31
61
25
42
70
114
31
58
25
48
71
116
31
56
26
53
72
111
31
54
30
59
72
102
32
59
32
65
73
58
32
57
33
32
70
73
29
33
72
31
70
73
32
32
70
33
71
73
39
32
76
35
72
74
50
32
76
39
72
74
64
32
74
41
73
75
81
32
75
74
47
68
76
94
33
73
48
64
77
84
34
72
49
62
78
81
35
71
52
61
79
79
36
71
53
59
80
75
36
70
55
59
81
71
37
37
72
58
57
84
62
36
73
58
58
86
57
36
76
61
58
87
55
36
77
61
58
89
53
36
79
63
59
91
51
36
81
66
61
93
49
50
36
86
73
60
95
53
36
85
75
62
95
51
37
87
77
62
96
51
37
89
79
63
96
50
37
91
81
63
96
49
38
90
81
64
95
94
53
39
92
81
65
94
50
39
92
82
65
94
50
40
93
82
66
91
49
41
93
83
67
89
50
42
95
83
68
88
50
44
96
85
68
68
86
54
48
96
85
68
84
52
50
96
84
69
84
53
52
96
85
70
83
54
54
97
85
71
82
54
56
98
86
72
82
54
59
100
87
88
72
79
54
61
99
88
72
81
51
60
103
89
72
80
50
60
104
90
74
80
51
61
105
91
75
80
51
62
106
91
76
80
53
62
105
103
93
77
81
56
63
98
94
78
83
58
63
95
96
79
85
62
63
87
97
80
88
63
62
80
99
82
91
67
63
74
100
84
94
69
63
71
102
87
98
74
62
71
103
88
100
78
64
71
104
89
101
80
67
70
105
90
102
78
66
70
107
91
102
76
67
73
107
92
102
76
67
70
108
92
103
74
69
68
108
103
75
72
61
107
93
103
76
74
60
107
91
103
77
76
55
107
89
103
80
77
56
108
90
103
82
112
55
106
87
102
81
108
56
108
85
102
81
108
58
108
83
102
83
103
62
109
80
104
87
100
65
109
80
104
89
98
67
109
78
104
90
95
73
110
76
104
91
96
74
110
73
104
93
96
72
111
73
104
96
92
71
109
73
104
99
90
68
108
74
104
103
89
69
107
74
104
107
89
70
107
74
103
109
88
70
105
74
103
113
90
71
104
75
103
113
88
72
105
75
83
117
89
70
104
75
70
117
87
23
103
73
72
117
87
20
102
74
74
118
85
18
102
72
74
116
87
21
100
72
73
117
84
26
101
72
70
117
83
33
100
72
69
118
84
35
98
71
76
114
84
38
93
75
83
111
80
37
93
77
86
109
82
33
84
78
89
106
82
33
59
78
90
101
81
44
53
78
91
99
81
45
42
79
92
97
76
46
35
79
92
95
76
47
27
93
91
76
48
18
83
95
92
74
46
14
83
96
89
74
48
12
85
96
87
74
49
11
86
96
85
74
49
10
86
97
82
74
50
10
87
96
80
73
51
10
87
88
97
75
74
53
12
89
97
72
81
54
12
89
97
70
36
55
13
90
97
68
37
55
13
91
97
66
38
56
13
92
97
64
38
57
11
93
96
62
42
55
12
94
96
58
42
100
14
94
96
56
42
101
15
95
96
54
41
101
16
95
95
52
45
103
18
95
95
50
45
104
19
96
95
48
49
106
20
96
95
47
48
107
21
97
95
44
52
108
22
97
94
42
55
108
24
97
94
40
59
108
25
97
94
39
58
109
26
97
94
37
62
110
28
98
94
35
65
111
29
98
94
34
88
112
31
98
82
21
86
113
35
101
85
18
86
112
39
101
78
19
85
115
44
101
72
22
85
117
48
101
66
27
84
121
52
101
61
31
83
123
55
101
57
35
82
126
59
101
54
43
80
131
61
102
50
45
79
130
60
102
45
45
78
131
61
102
42
45
77
132
60
102
42
45
76
132
60
102
40
45
75
133
60
102
38
46
74
134
61
101
35
47
134
63
100
35
47
72
134
63
102
39
46
71
134
63
102
39
46
69
134
64
102
40
47
68
134
65
102
41
48
68
135
66
102
39
49
69
135
66
102
40
50
69
136
67
100
40
51
69
145
66
98
40
54
69
144
67
97
41
55
69
146
67
96
39
56
69
147
67
95
36
56
69
148
67
93
35
57
69
149
67
92
32
58
70
151
64
86
28
59
69
152
63
86
26
59
69
149
68
85
24
58
70
150
71
84
23
58
70
150
72
81
22
57
70
151
74
77
22
57
70
152
75
76
70
26
57
72
153
74
74
26
56
72
153
75
68
29
56
73
155
77
62
32
59
74
156
79
59
34
60
74
158
81
57
36
61
75
160
162
90
57
39
64
76
165
94
56
41
66
77
167
97
109
42
69
78
167
101
107
43
72
78
166
105
105
43
76
79
166
108
103
44
79
80
81
165
109
99
45
83
82
163
108
99
45
82
83
159
111
97
45
84
84
155
109
95
44
85
85
152
110
93
44
85
86
150
110
92
45
86
85
86
149
110
27
46
80
86
148
111
23
47
80
87
147
111
20
50
81
87
146
111
18
52
82
89
146
110
16
54
84
91
146
109
15
55
57
87
96
146
104
16
59
86
97
139
103
15
60
88
103
137
103
12
63
89
77
136
103
10
65
90
72
134
106
9
68
91
69
132
52
8
6
71
92
69
127
65
4
73
93
67
126
66
4
74
93
67
123
88
4
75
93
68
121
88
3
76
93
69
119
88
3
77
93
69
114
88
88
3
78
93
70
106
90
5
79
92
70
103
91
5
79
92
70
98
92
5
79
92
69
93
91
6
79
90
69
90
93
7
79
91
68
85
82
95
10
80
94
65
77
96
11
80
92
66
74
98
12
80
92
64
68
100
12
81
91
63
64
102
13
81
90
62
58
104
13
82
91
61
61
51
110
15
83
90
61
49
112
16
84
89
60
47
113
16
84
90
58
46
114
16
84
88
58
45
117
18
84
88
56
43
119
20
85
88
88
53
40
123
23
86
86
53
41
125
25
87
87
51
41
127
27
87
86
49
41
127
30
88
86
48
41
127
32
88
86
46
41
127
34
89
88
86
43
43
126
38
87
85
44
44
125
41
86
84
43
44
123
43
86
84
42
45
122
45
87
84
40
46
121
48
87
84
39
47
119
50
52
89
84
36
49
117
55
88
84
38
49
117
57
89
84
36
49
115
59
90
85
35
50
114
61
92
86
34
50
113
63
93
86
32
51
112
110
68
96
88
29
52
107
67
93
86
29
51
107
70
93
87
29
53
107
72
93
89
29
53
107
74
93
89
29
54
107
76
93
90
29
52
51
107
76
92
91
29
50
109
78
93
92
31
48
110
77
93
92
31
49
110
77
93
92
30
48
110
76
93
91
30
49
110
75
92
90
29
28
47
109
72
88
86
25
48
110
71
88
86
24
51
110
70
86
85
23
54
110
69
83
84
25
58
110
70
85
84
26
61
110
70
86
84
83
29
67
111
72
87
86
32
70
90
71
86
86
34
72
87
71
87
86
35
75
84
71
86
86
36
77
81
71
85
86
37
79
79
72
84
83
86
39
83
73
72
82
85
40
86
69
69
81
85
41
88
67
67
80
85
43
90
64
65
79
85
45
92
62
63
78
85
47
94
60
63
62
77
85
51
98
57
59
77
84
53
100
56
57
76
84
54
102
53
54
119
84
54
104
52
52
119
84
55
106
52
50
119
84
55
107
51
51
47
120
85
52
112
49
47
120
85
50
116
48
47
119
85
48
119
46
47
118
85
46
121
45
47
115
84
44
124
45
47
111
84
41
125
126
44
45
105
82
37
126
46
43
103
83
35
127
46
43
99
83
33
127
46
43
95
82
32
126
45
44
93
81
31
125
47
43
89
81
30
28
125
47
45
85
80
27
124
46
46
81
80
29
123
46
46
77
79
29
121
47
47
74
79
29
121
47
48
73
78
29
120
47
49
72
76
