177
165
117
93
120
151
179
167
118
92
124
152
181
168
118
90
125
153
183
167
152
85
125
154
185
168
153
84
125
156
187
169
153
83
126
156
157
190
171
151
77
131
156
186
172
150
76
132
157
187
171
149
74
130
157
187
172
149
73
134
158
189
173
149
72
136
159
190
174
149
71
138
140
162
191
177
150
125
139
166
191
179
152
123
143
167
203
180
152
122
145
169
205
181
152
121
146
170
206
182
153
121
148
173
208
183
153
120
119
151
177
211
185
155
118
152
180
214
185
155
116
155
170
213
186
158
117
158
184
221
188
149
113
160
169
217
188
149
109
161
168
219
189
149
150
104
163
167
220
190
154
101
163
190
220
184
155
97
155
184
216
188
154
102
160
186
220
185
155
105
162
162
218
186
156
103
161
187
219
185
186
155
103
166
163
225
184
157
102
164
158
223
184
157
102
167
158
220
184
158
102
166
158
221
184
158
105
166
158
221
185
152
106
174
153
225
227
185
154
108
175
154
227
182
158
101
173
158
227
182
158
113
175
158
228
181
159
114
176
158
229
181
165
115
180
160
226
160
138
85
146
137
95
166
91
83
61
101
57
98
68
54
51
53
50
53
54
39
36
33
47
44
63
35
52
18
43
40
50
38
50
17
51
40
66
41
43
36
41
54
46
70
48
37
42
57
49
83
62
50
62
60
62
51
63
50
72
61
58
57
52
36
77
62
52
70
43
64
94
73
61
46
36
54
59
86
76
76
95
47
60
79
84
66
100
46
67
85
84
71
90
50
67
87
86
75
90
48
62
70
87
50
69
46
58
66
83
50
53
42
45
62
92
87
65
61
42
50
72
77
52
79
42
58
86
79
59
80
43
59
93
89
66
71
42
51
84
68
47
74
42
51
86
68
49
78
82
43
57
97
74
58
80
43
55
100
74
60
85
43
56
99
76
62
85
45
56
87
71
56
82
44
56
99
76
56
88
45
59
109
91
66
64
91
42
57
111
99
65
99
46
59
114
105
67
93
41
56
113
102
64
96
44
57
115
109
68
92
44
58
115
111
66
95
41
59
117
108
115
60
97
44
62
121
115
64
93
43
61
120
116
60
86
41
58
123
119
61
98
44
64
118
122
60
84
40
61
124
106
52
89
41
64
125
121
123
54
83
38
64
121
121
53
96
40
67
120
125
55
102
41
73
114
125
55
103
40
75
115
128
56
113
41
77
111
127
57
111
39
81
87
106
132
58
119
40
95
107
130
57
128
51
99
104
131
56
123
63
106
106
135
56
127
58
107
99
134
54
130
60
111
96
136
54
125
66
65
118
75
125
49
117
67
116
75
117
44
123
65
96
99
108
44
122
66
118
118
102
46
123
66
97
106
99
42
128
65
96
104
102
37
112
123
74
123
103
97
42
102
61
118
78
77
38
88
55
74
116
77
44
56
68
87
118
70
76
50
32
61
110
51
48
50
42
58
102
69
50
46
90
31
49
71
34
38
66
28
48
87
59
35
65
27
44
72
79
34
70
33
51
62
47
45
70
27
47
75
38
38
54
26
47
85
35
21
38
51
20
42
60
17
40
48
26
40
67
13
41
51
23
38
69
18
37
54
33
40
72
17
43
50
33
33
63
11
41
48
22
33
63
63
12
38
35
28
32
57
13
32
44
28
35
60
17
27
58
36
34
50
17
12
35
35
40
60
17
13
27
28
35
58
15
13
28
22
34
39
61
33
10
33
26
46
62
27
11
34
17
45
49
18
5
38
28
49
49
17
19
44
38
50
48
21
35
44
35
50
48
23
29
45
43
42
49
39
26
50
58
42
46
52
26
42
58
39
40
52
23
28
81
36
41
45
33
23
56
40
42
31
43
26
40
37
43
28
38
42
40
18
16
34
39
35
23
19
17
36
38
40
21
18
21
32
42
29
27
20
20
37
40
37
26
19
24
40
42
34
29
17
27
38
42
27
33
30
17
21
41
48
19
36
15
19
41
49
18
35
13
16
41
48
17
32
20
13
39
51
12
35
11
10
32
46
19
34
12
14
35
48
14
18
34
23
8
28
44
15
30
25
11
42
44
14
36
21
9
39
40
13
37
27
11
41
40
15
38
25
10
42
39
9
36
23
12
36
42
35
12
35
11
12
33
41
16
36
9
12
25
37
18
33
5
11
36
37
19
30
19
10
30
28
15
33
18
6
30
33
19
31
12
7
27
23
25
29
24
13
7
28
25
17
28
11
6
36
26
15
20
9
10
65
29
9
21
11
7
58
29
16
16
15
8
49
35
21
12
15
12
12
44
34
27
17
17
13
57
33
30
17
17
13
56
31
31
15
21
20
58
28
32
7
23
22
61
27
33
4
24
34
67
26
34
7
32
32
26
59
37
36
37
34
31
53
37
42
37
37
38
56
40
46
41
41
44
55
41
50
39
32
24
54
38
38
39
30
23
51
38
35
34
30
27
27
47
32
33
23
27
29
42
29
35
17
32
30
42
25
37
19
34
34
43
24
38
19
33
32
39
22
36
15
36
35
37
19
36
41
17
34
33
33
21
43
14
29
32
33
24
35
9
27
30
26
26
31
15
33
42
26
27
39
23
37
42
23
30
35
30
37
39
26
30
29
35
21
29
37
26
28
29
17
26
37
28
28
29
11
22
36
32
26
34
22
34
43
28
25
39
17
27
35
37
23
35
22
41
50
27
19
32
48
31
53
59
27
33
53
36
46
52
17
26
45
26
14
45
16
29
40
23
20
46
20
34
43
26
28
51
27
35
52
22
29
54
52
26
37
52
23
34
53
31
36
55
23
52
53
37
37
57
23
60
59
41
42
64
31
74
67
43
46
65
36
73
71
50
46
68
38
73
70
67
46
48
71
39
64
59
34
45
70
32
65
62
42
46
72
34
66
64
37
46
71
35
62
63
32
46
71
34
60
63
34
49
76
34
34
57
66
35
53
79
34
55
68
36
55
79
36
52
69
36
55
79
37
60
72
40
60
84
39
55
74
40
61
80
40
58
76
40
62
85
86
44
58
80
44
66
82
47
61
82
47
67
88
49
68
83
47
69
88
52
65
81
47
70
75
55
51
64
40
70
59
55
58
59
41
63
60
62
67
36
55
25
38
60
68
47
61
35
47
66
74
47
52
31
32
57
68
53
53
37
40
60
72
58
54
37
43
62
75
43
49
30
26
35
61
61
43
49
24
67
62
61
43
54
23
68
63
61
62
59
23
73
63
58
61
61
24
68
62
56
61
61
25
66
61
56
61
60
63
27
66
66
59
56
62
26
66
64
62
58
54
26
65
85
61
52
47
24
65
82
59
52
42
22
68
84
59
47
44
23
70
88
59
34
30
27
22
71
90
80
30
27
21
72
87
78
30
34
19
74
86
75
35
37
22
73
88
75
31
33
27
74
86
71
43
30
54
72
85
67
60
59
25
46
61
83
54
66
29
40
57
81
47
67
28
46
39
77
41
68
24
37
28
78
37
72
30
34
31
80
39
75
38
38
30
82
84
47
89
15
56
28
84
59
46
16
68
30
85
66
40
19
26
22
87
73
43
17
27
23
90
78
36
11
23
20
47
81
34
10
21
18
21
45
51
29
11
25
23
47
24
31
26
26
24
49
41
34
31
27
26
50
31
35
29
29
26
48
27
35
24
32
26
48
31
32
39
36
37
26
58
12
34
42
38
35
58
24
29
40
36
30
55
23
29
34
34
25
58
26
61
44
35
22
61
37
61
40
36
22
50
28
52
38
43
35
15
54
45
36
47
35
1
57
45
28
63
37
33
54
26
32
63
34
25
51
37
38
61
33
28
47
36
49
62
33
25
44
40
56
60
61
39
23
42
34
59
60
39
20
41
37
62
61
39
35
40
33
67
59
36
31
39
37
61
59
37
33
41
38
60
59
37
30
43
39
35
42
62
46
39
39
31
61
60
46
22
32
23
54
59
49
28
31
21
49
58
49
23
29
18
49
55
50
12
31
16
55
55
53
10
35
38
10
42
55
59
17
25
28
46
53
61
21
18
20
47
49
60
17
19
22
50
48
61
19
16
20
64
18
63
45
26
48
63
15
57
51
56
32
59
61
17
48
61
45
53
62
19
53
70
42
50
59
24
45
45
47
40
57
27
46
41
46
37
55
31
45
47
44
34
54
34
49
45
80
44
35
49
44
41
57
46
38
46
40
33
54
51
37
46
42
28
54
50
29
44
38
23
53
51
25
41
36
26
52
49
26
42
19
61
32
42
48
22
56
39
33
35
46
22
59
35
32
31
47
24
66
42
34
38
46
33
67
40
33
35
46
34
67
25
30
32
48
30
68
67
30
25
34
51
28
66
33
25
27
53
18
64
31
25
19
53
16
70
28
26
20
53
15
74
25
30
22
52
16
78
23
33
22
49
19
17
80
22
36
18
46
16
81
25
39
16
46
18
82
31
45
17
45
23
83
34
49
22
44
22
83
37
53
21
45
21
83
34
56
18
47
48
24
86
29
55
29
45
26
87
28
55
33
39
30
87
24
54
33
40
32
88
33
54
33
39
33
87
32
54
34
40
35
87
29
53
33
32
39
39
86
25
53
30
39
41
85
22
52
21
40
42
83
17
51
17
42
45
81
22
52
11
42
47
79
27
51
10
44
46
74
28
50
49
13
45
36
71
18
49
11
44
37
72
24
49
12
44
39
69
32
48
11
41
42
70
32
46
15
41
46
68
25
44
14
37
43
62
19
20
45
25
38
34
55
22
45
27
37
32
56
23
42
33
35
27
54
23
41
35
33
30
54
24
39
36
35
32
51
24
40
34
36
32
49
43
21
39
28
41
24
39
20
39
25
43
23
37
18
38
27
46
22
35
20
35
28
46
20
34
20
40
28
46
19
37
19
44
28
45
17
15
37
11
47
30
44
15
34
12
49
28
43
16
31
18
36
24
44
18
32
16
31
23
44
18
33
18
44
23
43
19
34
18
40
25
42
42
24
44
26
34
22
42
31
47
29
32
21
42
31
51
26
31
17
40
30
56
24
31
14
38
28
58
24
31
13
38
24
53
25
31
11
12
40
21
55
21
29
16
38
19
58
17
28
17
38
16
60
15
28
20
37
14
61
13
25
23
36
14
61
13
25
24
37
15
60
12
24
23
25
38
18
57
13
22
25
40
22
58
13
23
27
39
25
59
14
27
30
37
35
61
15
27
32
38
38
60
13
29
35
39
39
61
14
13
29
33
40
44
63
12
28
38
42
50
61
11
25
36
43
51
62
11
28
35
43
50
60
10
25
35
43
51
61
9
27
35
43
50
58
59
6
28
34
42
49
57
5
28
35
42
49
55
8
27
35
43
47
54
12
25
36
43
44
54
11
33
36
40
43
50
10
33
36
39
43
44
46
9
40
36
39
44
44
6
40
37
42
43
43
7
39
40
43
38
41
14
38
41
41
35
44
14
37
43
40
31
47
15
41
45
39
40
26
43
15
44
46
38
29
41
14
44
46
38
29
38
13
41
47
38
31
39
12
41
48
38
33
37
10
40
48
37
35
38
8
37
48
48
37
41
41
9
27
50
36
44
43
16
25
46
28
48
49
12
25
49
23
50
55
12
26
53
21
52
59
16
29
58
22
54
61
16
27
25
57
26
58
57
19
28
56
26
58
57
16
28
55
26
57
59
14
26
51
25
58
59
14
26
52
25
59
60
15
27
52
23
59
60
16
16
29
51
21
57
60
17
28
52
20
57
60
17
28
51
19
56
57
14
22
50
21
56
56
9
14
50
23
55
54
12
20
51
24
52
54
53
19
32
53
26
48
53
20
33
54
27
45
54
30
36
53
28
43
52
43
37
53
31
42
52
54
42
60
35
38
54
59
45
67
38
36
30
57
61
56
76
47
26
61
62
55
78
48
24
61
61
62
78
51
23
60
58
60
79
53
20
60
59
54
79
54
18
60
65
56
79
57
60
18
60
66
54
79
60
20
59
67
53
79
60
22
57
67
51
78
60
24
56
68
51
81
59
23
56
68
53
84
56
22
56
69
53
84
80
50
21
55
65
48
81
45
17
55
68
47
78
48
20
54
70
42
77
48
18
53
63
37
78
47
15
54
60
34
78
46
11
54
59
33
36
82
47
11
56
66
39
83
44
9
56
68
40
85
46
12
52
72
42
87
49
12
51
74
41
88
51
9
51
76
42
88
50
7
50
71
69
35
80
43
6
46
70
36
76
43
8
44
68
36
72
43
11
43
65
34
71
42
14
43
64
32
67
40
16
43
62
33
65
35
20
44
45
54
31
56
32
27
44
53
29
56
30
27
43
52
27
56
27
27
40
54
29
57
26
25
40
58
32
58
25
22
37
59
36
57
24
19
17
32
61
40
58
25
17
30
61
40
59
26
16
28
59
40
64
29
15
25
59
42
64
32
14
23
60
42
66
32
14
21
62
44
69
34
33
14
22
65
46
65
27
13
22
64
45
59
25
13
23
63
43
57
26
12
24
67
44
56
26
12
24
68
44
55
26
13
25
69
45
57
58
23
15
25
64
46
58
19
15
26
59
46
58
20
17
27
55
46
57
22
19
28
52
45
56
24
20
27
51
45
59
23
19
26
57
44
41
59
27
18
23
54
43
62
24
19
23
51
44
63
23
20
22
50
44
64
25
21
24
46
43
60
23
23
25
44
42
58
32
24
