97
126
61
36
170
112
96
132
63
29
168
115
95
138
66
21
167
119
94
144
69
13
166
122
94
145
72
11
164
122
93
145
75
13
162
121
93
146
78
17
160
121
93
148
81
22
158
121
94
149
84
28
155
120
94
149
87
33
153
120
94
150
90
39
150
90
118
93
148
103
55
85
118
93
146
146
61
81
118
92
143
150
64
75
118
92
141
153
66
70
118
92
138
156
72
65
118
92
134
159
74
59
118
92
129
158
81
53
118
93
123
158
83
45
118
93
120
157
90
41
118
93
118
157
93
119
94
114
156
99
28
119
136
111
155
106
23
119
136
109
155
110
19
119
137
107
155
114
14
120
137
104
154
117
10
119
138
102
154
121
11
112
138
99
153
125
17
106
139
97
153
129
23
102
139
95
153
131
29
152
130
41
87
141
88
152
130
47
83
142
86
152
129
52
79
143
84
151
128
58
74
144
82
151
128
63
70
145
80
151
127
68
66
146
78
151
126
73
63
147
76
150
126
78
60
148
75
150
125
83
57
149
73
150
124
88
54
150
72
150
123
94
52
151
72
150
123
99
51
152
71
149
122
104
49
152
71
148
121
105
48
152
71
147
121
106
46
152
69
146
120
107
46
46
151
63
143
117
111
48
151
80
142
110
108
49
151
78
141
105
106
62
150
75
140
100
104
50
150
74
139
95
101
50
150
73
138
90
97
54
150
74
137
85
94
57
150
54
136
80
90
64
151
54
135
76
89
70
151
53
134
71
88
72
151
53
133
66
85
79
151
45
132
62
84
85
151
52
131
58
85
92
152
53
130
53
84
96
152
42
129
49
82
103
152
52
127
46
83
107
153
53
126
42
81
115
153
54
125
39
83
82
137
156
56
66
32
83
140
157
57
64
32
82
115
158
58
62
33
83
115
158
41
61
34
84
114
159
42
59
36
86
119
159
60
57
38
88
119
159
61
55
42
89
119
159
62
53
45
91
119
159
64
51
49
131
118
159
65
49
53
133
119
122
67
47
53
135
119
122
69
46
40
137
119
122
70
44
29
139
119
123
72
42
19
138
119
123
74
40
11
140
119
123
75
38
17
142
114
123
77
36
25
144
110
98
124
68
28
49
149
93
124
70
26
55
147
90
125
73
24
60
149
87
125
75
22
62
148
84
125
78
20
68
150
81
126
81
18
70
153
79
126
84
16
76
155
76
126
87
14
78
157
73
125
90
12
84
159
69
125
93
10
87
159
65
125
96
8
89
159
61
124
99
6
92
159
57
124
102
4
94
159
54
124
106
2
101
159
50
123
109
1
103
159
46
123
112
1
106
160
43
123
116
3
109
160
39
122
119
5
112
160
156
34
142
135
8
116
154
39
139
139
8
114
150
43
137
139
8
112
150
48
135
138
8
110
149
53
134
138
8
107
149
59
133
138
8
105
149
66
133
137
8
103
148
74
133
137
8
101
148
81
134
136
8
98
147
97
114
136
8
96
122
58
114
136
8
93
124
55
114
135
7
90
123
55
113
170
7
88
125
54
113
170
7
85
125
57
114
170
7
82
122
59
113
169
7
79
124
59
113
169
7
76
125
63
113
168
6
73
121
66
59
112
167
6
61
128
61
94
166
5
57
125
58
111
166
5
54
126
55
110
165
5
51
128
53
110
165
5
47
129
50
93
164
4
44
129
48
108
164
4
40
128
46
108
163
4
37
128
46
107
163
4
33
127
45
106
162
3
29
126
45
105
162
3
26
127
44
93
161
3
22
127
44
92
161
2
18
127
44
92
160
2
15
127
44
100
160
2
11
127
44
98
159
1
7
127
97
97
158
1
3
127
97
96
158
0
0
127
98
100
90
155
0
0
93
102
89
155
0
0
83
103
87
154
0
0
79
104
86
154
0
0
74
105
84
153
0
0
70
106
83
152
0
0
66
107
82
152
0
0
62
109
80
151
0
0
58
111
79
150
0
0
55
113
77
150
0
0
52
114
76
149
0
0
50
116
75
148
0
0
48
119
73
148
0
0
48
121
72
147
0
0
48
123
71
121
0
0
50
126
69
120
0
0
52
128
66
116
0
0
54
131
139
52
93
0
0
24
143
48
91
0
0
14
146
44
93
0
0
12
150
41
91
0
0
11
154
37
90
0
0
11
158
34
88
0
0
14
161
31
87
0
0
13
166
28
85
0
0
17
170
26
84
0
0
21
174
23
82
0
0
21
179
21
80
0
0
25
183
19
79
0
0
24
188
17
77
0
0
28
192
15
76
0
0
28
196
13
74
0
0
27
201
10
73
0
0
31
206
8
72
0
0
30
210
6
82
0
0
30
33
228
0
64
0
0
32
223
0
63
0
0
36
222
0
61
0
0
35
221
0
60
0
0
35
220
0
82
0
0
35
219
0
83
0
0
35
216
0
55
0
0
53
216
0
54
0
0
36
214
0
52
0
0
35
213
0
51
0
0
34
211
0
50
0
0
34
209
0
84
0
0
35
176
0
85
0
0
35
170
0
57
0
0
35
163
0
52
0
0
36
156
0
47
0
0
36
149
0
43
1
0
36
142
123
0
37
3
0
27
140
0
42
3
0
28
133
0
47
4
0
25
127
0
53
5
0
22
121
0
43
6
0
20
116
0
45
7
0
17
111
0
43
8
0
18
108
1
45
9
0
22
106
1
43
10
0
26
104
2
45
11
0
31
104
2
46
13
0
36
106
3
48
14
0
42
108
3
43
16
0
49
112
4
44
17
0
56
116
5
46
19
0
66
121
6
48
20
0
72
125
7
47
22
1
77
128
8
46
24
1
82
95
97
13
48
32
4
98
98
14
50
35
5
96
98
15
50
37
5
100
98
17
52
39
6
105
99
18
52
42
7
109
100
20
54
44
8
111
102
21
56
47
10
115
102
23
56
49
11
119
103
25
58
52
12
122
103
27
61
55
13
126
104
29
63
57
15
130
104
30
65
60
16
133
103
32
66
63
18
137
105
34
68
66
19
140
106
36
71
69
21
143
107
39
74
72
22
147
108
41
76
75
24
150
113
117
50
89
88
31
139
118
52
92
91
33
134
121
54
95
95
35
130
123
57
99
98
37
125
126
59
102
101
39
119
129
62
106
105
41
113
132
65
109
109
43
108
156
67
113
112
46
101
160
70
117
116
48
95
165
72
120
120
50
88
169
75
124
124
52
81
174
78
128
127
55
75
179
81
132
128
59
69
184
84
132
128
57
66
190
86
131
128
55
63
194
89
131
129
53
61
199
92
131
129
51
59
203
95
131
130
49
58
61
177
107
130
132
43
64
173
107
130
134
41
68
168
107
130
135
40
73
164
106
130
135
39
77
159
106
130
134
38
82
152
106
129
134
37
82
146
106
129
133
36
82
139
106
128
133
35
82
134
106
128
133
35
80
127
106
127
132
34
80
121
106
126
132
34
79
115
105
126
131
32
78
110
103
125
131
31
77
104
102
124
130
32
76
100
101
124
130
33
74
97
100
123
130
34
69
92
99
122
129
36
67
88
77
94
109
127
49
58
74
93
105
127
52
56
72
91
101
127
48
55
70
90
98
127
34
54
70
88
95
127
24
54
71
86
93
127
12
53
74
85
91
127
17
53
78
85
91
127
26
52
83
86
91
127
35
52
89
86
92
127
45
52
86
96
127
57
51
114
85
99
127
64
51
122
84
103
127
71
50
131
83
108
128
78
50
141
83
112
128
80
50
150
82
118
128
87
49
123
82
123
128
90
49
115
81
129
129
96
49
116
81
115
129
99
49
119
108
49
129
79
110
130
111
50
134
79
108
131
115
50
141
79
108
132
118
50
147
78
109
131
121
50
152
77
107
130
125
51
157
77
107
129
128
50
163
77
108
128
135
51
168
77
108
127
139
50
193
77
50
199
78
112
124
148
50
201
78
114
123
150
50
204
79
115
122
153
50
207
80
117
121
155
50
202
79
119
120
144
51
206
81
121
118
141
50
210
82
123
117
138
50
214
83
124
115
136
49
215
84
126
114
132
214
87
130
111
126
47
214
88
131
109
123
45
214
89
132
108
121
44
215
90
132
106
117
41
219
91
133
104
114
40
218
92
134
103
109
39
216
93
134
101
106
37
215
94
135
99
102
35
214
96
136
97
98
33
97
93
93
90
31
209
99
94
91
87
31
207
101
95
89
83
31
206
102
96
87
80
31
204
104
98
85
76
30
202
106
98
83
72
29
200
107
100
81
68
28
197
107
97
79
65
27
195
108
95
76
62
26
192
109
93
74
60
24
162
109
91
72
59
22
156
110
88
70
93
21
151
111
86
67
86
20
147
112
84
65
81
19
142
113
81
62
78
18
137
114
79
60
76
17
133
116
119
70
50
83
16
121
120
67
47
86
17
120
122
65
44
90
17
98
123
63
42
95
18
95
125
60
39
102
19
92
126
58
36
99
19
89
127
55
34
103
20
87
128
53
31
109
21
84
128
50
28
116
22
76
130
47
25
121
23
76
131
45
23
127
24
77
132
42
20
131
24
75
133
40
18
136
25
72
133
37
18
140
25
69
133
34
19
145
26
74
134
32
19
149
26
75
134
29
19
155
26
75
132
26
20
159
175
26
57
121
16
22
180
24
58
119
13
23
185
22
59
116
10
23
189
21
60
113
8
24
194
19
61
110
5
25
200
17
62
107
2
26
206
16
64
104
0
27
211
14
66
102
0
28
215
11
68
99
0
29
234
9
70
96
0
30
233
6
73
94
0
31
231
3
75
92
0
32
228
2
77
89
0
34
226
4
80
86
0
35
223
6
82
85
0
36
222
9
85
84
0
37
222
12
87
87
0
39
226
14
89
120
123
0
45
225
24
95
121
0
46
222
27
95
120
0
48
218
29
95
119
0
49
214
32
95
119
0
51
210
34
96
91
0
53
206
36
97
90
0
55
202
39
98
88
0
56
198
38
99
87
0
59
193
37
100
85
0
61
187
35
98
82
0
64
180
34
96
81
0
67
174
33
95
79
0
69
170
32
94
77
0
72
168
31
94
75
0
75
118
30
95
74
0
78
107
29
96
72
0
80
103
28
98
78
0
83
100
26
100
69
0
86
97
25
103
68
0
89
93
24
107
66
0
92
90
22
91
65
0
95
88
20
85
81
0
98
85
18
76
81
0
101
83
17
70
82
0
104
82
16
63
83
0
107
78
15
60
60
0
110
67
13
53
59
0
114
64
12
49
59
0
113
65
10
42
89
0
112
68
8
38
91
0
111
72
7
34
58
0
110
75
5
30
59
0
109
78
4
26
60
0
108
79
5
24
61
0
107
80
8
19
62
0
106
81
10
15
103
0
105
79
13
12
62
0
104
81
25
7
65
0
103
82
25
5
68
0
102
84
25
0
71
0
101
87
26
0
74
0
100
90
28
0
118
0
99
97
30
0
121
0
98
99
33
0
124
0
97
102
37
0
126
0
96
106
41
0
129
0
95
109
45
0
132
0
94
112
36
0
135
0
93
113
37
0
138
0
92
112
38
