70
228
166
113
163
180
48
226
162
104
160
178
54
175
159
239
157
185
54
156
156
239
153
202
59
110
152
243
146
195
67
97
144
239
140
195
71
97
144
234
137
197
76
97
141
229
134
199
86
92
137
226
135
200
90
89
139
221
131
202
94
88
136
116
208
124
200
100
81
125
202
128
198
102
78
130
193
139
192
108
218
137
205
145
58
163
220
145
151
151
47
159
224
153
124
153
46
166
225
197
166
56
165
139
189
201
165
59
167
143
198
207
169
63
175
147
204
213
173
66
179
151
214
221
217
68
190
156
220
224
214
64
191
162
226
223
214
64
183
167
234
220
206
61
178
172
239
57
169
179
243
212
185
53
162
180
243
208
179
49
156
179
244
200
174
43
153
178
243
34
169
177
150
172
240
31
164
176
149
172
242
25
161
173
129
168
239
240
10
155
202
124
153
234
8
153
213
118
140
235
15
154
221
115
135
234
7
154
230
114
138
234
3
154
238
112
133
224
136
157
226
110
43
35
220
149
96
230
106
19
219
150
104
227
108
13
215
151
108
221
117
25
214
146
111
218
126
31
204
144
116
215
179
68
202
143
121
212
134
187
80
196
139
124
200
191
89
195
143
131
195
195
92
199
139
134
188
198
103
209
144
138
188
202
106
211
137
139
213
205
115
220
137
141
94
163
172
230
140
138
136
78
141
184
242
134
133
68
131
193
74
199
131
68
126
208
64
207
130
61
123
222
60
208
129
20
121
229
47
205
127
15
119
228
44
202
195
125
38
118
222
27
192
124
51
118
220
30
188
124
61
118
219
42
181
123
74
119
213
58
176
78
83
120
209
55
172
123
94
122
206
45
46
184
121
117
122
197
49
181
126
104
127
200
48
182
86
113
160
198
46
190
105
117
149
196
51
192
114
111
148
195
55
189
120
99
150
192
188
16
154
136
182
104
185
50
135
142
181
105
184
13
171
146
183
114
162
9
179
112
177
121
169
8
180
119
177
127
188
106
79
124
182
135
138
214
9
211
132
198
140
80
38
219
139
204
144
49
60
226
143
211
148
34
64
232
151
214
148
28
85
250
153
216
143
23
80
253
151
213
208
141
25
215
186
147
204
140
52
218
183
144
198
143
57
221
179
141
194
141
66
223
176
138
186
139
77
224
173
140
180
137
87
222
168
137
135
191
136
108
218
155
134
209
132
121
219
155
133
214
132
116
221
155
100
72
103
188
221
153
110
64
111
204
223
148
114
66
117
217
224
140
142
128
56
125
227
223
137
131
51
129
228
220
128
142
42
134
227
222
123
146
35
138
223
219
120
153
31
137
223
220
114
156
36
133
221
216
216
103
149
8
127
213
194
26
148
67
126
210
191
31
145
77
122
206
189
74
143
86
120
202
186
79
140
89
120
206
183
80
137
87
117
212
213
174
62
135
84
112
209
167
65
131
83
112
213
115
70
131
134
111
219
108
77
130
138
108
225
76
84
90
141
106
233
78
207
95
144
112
118
124
56
235
105
133
119
123
56
240
106
136
125
113
45
244
112
135
129
113
36
249
116
134
135
113
34
253
118
136
140
108
26
254
123
134
130
145
103
17
250
129
128
138
99
16
249
126
123
136
96
61
235
119
128
134
29
77
236
114
123
131
10
71
235
111
121
128
35
69
233
107
103
121
125
51
68
229
98
129
121
57
73
227
98
138
118
54
75
223
95
140
118
43
78
219
95
139
115
37
81
217
92
136
116
34
85
213
210
91
19
113
144
123
207
101
58
92
121
140
211
107
76
96
125
147
219
112
78
99
130
166
206
117
78
101
135
188
155
120
74
105
137
184
188
76
132
196
106
140
188
65
135
192
108
136
189
62
141
188
110
131
188
53
143
184
112
125
190
43
146
178
107
118
189
41
143
168
121
113
108
191
28
135
98
104
103
191
21
132
96
97
102
191
16
127
99
92
97
191
16
123
42
79
123
191
14
120
36
76
126
191
16
119
29
72
70
127
189
28
112
30
71
126
187
30
112
122
69
46
188
42
112
143
70
53
185
48
109
149
73
53
182
52
110
158
72
64
185
60
88
167
177
114
97
178
65
93
182
118
100
177
66
98
187
121
99
174
69
101
195
124
99
172
71
105
200
129
100
169
73
108
206
133
100
169
71
109
109
211
142
93
165
167
113
104
141
84
164
179
114
108
142
77
166
185
114
109
137
69
169
189
104
109
134
65
165
193
95
107
130
59
162
195
196
88
103
124
56
158
188
86
28
122
72
154
187
83
17
119
76
149
186
82
22
117
75
144
187
79
24
114
77
140
187
82
30
110
77
135
134
187
81
35
106
81
133
188
84
35
105
84
134
187
88
84
103
45
132
187
92
89
101
55
121
185
96
103
104
65
125
185
102
86
109
116
117
88
193
110
111
120
122
76
199
113
123
124
121
68
208
118
129
125
118
62
213
122
138
127
116
59
215
125
146
128
113
54
217
129
147
129
129
187
49
214
136
148
130
108
44
214
139
146
131
108
41
212
138
142
129
107
34
211
136
137
130
107
29
208
134
132
130
105
25
207
131
127
123
123
103
18
202
125
117
120
101
17
201
121
111
116
95
18
197
119
106
112
90
20
194
114
104
107
88
25
192
111
100
106
82
30
170
109
104
108
99
33
32
158
102
84
96
42
37
154
99
96
94
8
42
151
97
105
93
17
49
146
89
108
95
19
35
141
96
89
102
105
53
100
84
108
134
112
116
87
62
114
138
117
118
95
46
117
141
123
124
107
30
122
142
126
128
111
19
127
146
130
131
116
16
130
148
135
136
123
126
12
140
151
142
143
130
19
142
146
143
137
137
24
145
142
141
133
140
28
139
138
137
128
144
33
135
133
133
123
147
40
131
130
129
120
115
150
50
122
126
120
112
153
54
118
126
116
107
155
58
113
120
112
135
157
30
109
120
108
141
158
108
107
118
104
47
159
112
103
114
100
97
17
164
117
97
113
94
12
167
123
94
113
93
8
169
129
92
114
92
8
169
135
91
114
88
9
169
142
89
16
84
99
167
149
89
30
93
100
110
167
163
100
99
105
109
165
169
108
100
109
109
162
173
113
92
115
111
162
179
117
91
121
112
159
183
124
88
125
113
156
186
128
132
162
136
113
151
70
136
165
138
110
147
70
141
164
141
107
144
66
145
162
144
103
140
67
145
159
142
100
137
66
141
156
138
97
136
178
176
133
87
126
90
134
177
127
81
121
88
133
177
122
80
116
86
132
175
117
78
111
83
131
172
113
75
109
82
131
171
108
72
105
80
130
129
167
102
70
97
77
126
153
97
22
94
103
126
149
96
21
90
103
127
148
92
78
89
59
126
143
91
88
85
83
124
139
89
95
83
85
88
118
89
77
103
81
122
116
76
119
104
105
129
113
66
126
107
111
134
110
58
132
125
117
141
92
55
138
128
121
145
82
50
143
132
126
130
156
67
46
153
137
133
159
63
42
156
138
137
163
61
42
159
133
140
160
69
33
164
125
142
155
70
28
167
121
144
151
82
28
170
119
112
144
147
77
19
165
99
142
145
72
14
160
102
122
137
62
24
158
89
116
130
55
31
155
86
112
123
47
39
154
82
106
116
40
50
102
96
73
98
103
34
74
93
40
95
96
32
79
89
45
92
89
31
90
85
11
88
91
33
95
82
14
86
94
36
96
80
16
83
96
40
98
98
75
12
78
98
50
100
72
91
75
91
55
100
71
99
74
88
60
103
55
106
79
84
64
109
87
111
84
81
69
112
93
118
89
81
75
79
121
103
128
96
74
84
124
109
133
100
74
91
126
115
137
105
69
96
130
119
140
107
69
100
134
122
140
111
70
103
131
127
140
113
65
59
108
130
133
131
119
57
110
130
135
128
121
53
111
131
138
122
121
51
113
126
138
118
119
49
114
123
135
114
117
48
114
122
133
110
114
113
46
112
116
126
100
110
45
113
113
123
96
108
43
112
108
119
91
56
41
110
105
118
86
103
40
109
93
116
93
102
21
107
90
68
92
90
51
35
106
85
113
39
48
43
104
83
114
59
50
59
102
82
111
56
102
74
101
81
113
52
105
85
101
80
115
54
108
96
98
80
117
118
59
114
113
95
81
116
71
110
120
95
82
136
82
74
128
94
62
123
118
116
133
93
56
125
105
126
143
92
56
129
117
132
149
91
47
39
139
154
142
159
90
38
142
136
146
157
90
33
148
137
153
152
89
26
153
130
159
146
89
22
160
151
162
139
87
19
162
128
161
132
87
18
16
152
130
150
121
85
12
147
128
144
114
84
10
141
127
138
109
83
8
136
125
132
103
82
12
129
107
126
97
81
19
123
95
120
92
80
78
37
111
83
108
44
66
70
106
68
103
46
59
90
100
74
96
20
56
96
94
76
91
22
54
100
90
71
85
20
51
105
84
68
80
19
32
42
118
75
53
70
70
39
120
70
55
66
82
36
126
67
54
62
94
31
130
64
53
59
104
29
132
33
53
36
109
25
137
49
53
51
65
111
21
142
71
52
74
113
15
146
82
52
85
157
21
152
91
57
95
120
33
156
100
57
104
119
40
158
108
54
112
113
45
158
115
53
52
126
104
44
155
128
53
133
103
43
155
136
53
139
97
43
154
142
54
144
92
43
153
148
55
150
90
44
144
153
58
155
86
47
141
158
158
65
156
79
49
136
154
65
152
75
53
133
148
65
146
72
55
126
142
73
140
78
56
119
137
58
134
84
58
113
132
50
128
81
59
106
101
118
37
116
48
62
93
112
28
110
43
59
85
104
27
103
30
60
78
98
54
96
54
61
72
92
62
90
55
59
68
88
77
84
88
60
58
65
76
98
75
124
60
59
74
109
72
124
59
86
70
120
67
116
59
58
66
126
64
115
56
58
63
132
60
115
55
65
32
144
30
113
77
46
57
36
162
40
43
54
53
48
172
53
63
52
54
64
207
69
64
57
42
76
163
82
114
58
41
88
163
91
127
59
39
98
165
101
109
143
59
37
114
167
117
117
63
39
120
169
125
90
66
36
129
173
131
120
64
43
135
179
139
100
65
41
141
185
146
96
67
45
147
188
193
157
65
65
65
156
196
154
59
67
51
153
200
149
56
68
54
148
204
144
59
70
50
142
208
139
89
73
68
136
211
133
92
73
70
131
126
182
122
87
70
61
120
183
115
70
75
69
112
184
108
64
72
81
106
185
101
105
66
83
100
187
95
89
62
85
93
190
90
83
58
87
88
83
157
79
27
53
91
78
153
75
79
47
93
74
145
70
91
44
95
70
137
66
99
37
100
66
128
61
107
23
104
62
122
58
113
29
45
102
31
126
28
127
35
98
20
125
17
133
28
91
6
116
6
138
19
86
36
117
41
143
12
72
59
92
63
149
16
63
73
80
77
153
156
16
59
93
104
98
160
19
52
103
96
105
159
11
33
111
105
114
159
15
75
118
99
123
117
13
83
127
97
130
119
17
96
134
97
136
145
124
48
102
147
66
152
126
26
104
153
71
154
128
52
103
152
62
150
127
29
92
147
60
145
140
31
108
142
61
139
164
31
112
137
62
63
127
154
116
118
123
67
121
140
90
122
118
71
114
133
88
125
112
73
108
124
84
129
105
77
102
118
82
130
99
79
95
110
109
133
93
88
83
84
96
74
144
83
82
79
93
70
150
78
81
74
84
99
157
73
82
69
77
67
165
69
81
65
71
68
171
65
81
61
67
71
181
188
58
76
55
60
73
197
40
77
36
50
81
213
25
72
21
43
83
205
9
70
5
51
79
193
9
66
10
23
68
187
50
62
54
43
7
10
179
78
52
84
49
15
176
90
47
95
59
21
175
101
41
103
73
36
175
110
37
112
129
67
174
118
42
121
125
79
174
125
42
130
132
143
80
175
140
44
142
151
80
176
145
43
147
158
81
178
150
45
152
161
83
177
151
45
150
160
94
173
146
45
145
157
98
168
141
45
140
133
174
91
167
131
43
128
183
91
168
124
43
122
191
94
119
118
43
116
200
114
97
112
42
110
210
111
96
106
42
104
220
112
95
100
42
42
91
215
106
93
88
43
86
212
104
91
83
43
80
208
100
89
78
43
75
204
101
88
73
43
70
148
96
87
69
43
66
142
88
87
64
62
41
59
131
75
91
58
42
57
124
67
92
51
42
47
119
59
95
32
42
29
111
51
97
18
42
14
107
43
100
7
42
3
99
36
103
106
60
42
66
80
26
109
76
45
81
118
26
113
87
45
91
101
20
117
96
45
101
48
121
124
105
44
111
79
156
128
114
44
119
93
164
168
135
130
44
135
117
172
138
137
41
141
128
178
141
143
41
148
139
184
141
150
41
153
149
188
143
154
41
152
159
207
138
150
41
147
170
181
220
138
138
42
134
192
220
139
133
42
129
204
205
145
127
41
124
214
141
151
121
41
118
226
124
162
115
41
112
238
120
164
110
42
107
100
239
107
166
97
42
94
238
101
168
92
42
89
239
95
168
87
42
83
238
91
168
81
42
78
237
84
168
77
42
72
236
78
167
71
42
42
64
234
116
165
63
43
59
232
107
165
61
42
56
231
100
164
57
42
53
229
99
163
35
42
72
228
99
161
21
42
17
227
100
159
5
29
44
32
224
100
152
55
44
61
222
94
150
68
44
76
221
65
147
79
44
87
201
58
144
122
44
96
207
66
142
132
47
104
208
85
141
139
145
47
120
195
124
137
154
45
128
189
139
134
159
95
132
184
152
132
165
95
138
183
164
131
171
47
145
182
175
129
175
47
145
183
186
196
125
175
47
134
116
204
123
174
95
127
109
210
121
126
95
123
101
216
119
117
95
118
94
221
117
109
94
111
84
225
60
104
94
107
123
117
229
51
94
94
96
103
231
40
89
94
91
86
231
30
84
94
86
71
232
23
80
94
80
66
232
15
76
94
61
73
231
7
73
94
71
68
97
229
13
66
94
66
107
228
18
64
47
63
118
227
22
61
47
60
129
225
22
33
47
57
139
224
25
50
47
49
149
223
26
49
46
95
41
167
220
33
57
95
33
177
218
37
80
94
55
187
216
42
83
94
56
195
214
46
93
47
99
205
211
45
101
94
106
216
207
41
80
113
94
118
179
199
31
120
95
123
211
194
25
123
95
125
209
189
22
128
95
128
206
183
19
89
47
132
203
177
19
135
95
134
200
172
21
23
137
95
136
195
161
28
135
95
137
192
155
32
132
95
135
189
150
99
130
95
135
188
144
106
127
95
133
186
139
49
124
95
132
184
133
128
61
118
95
128
182
122
68
114
94
124
180
118
74
109
95
119
179
113
66
101
95
111
178
53
108
93
94
101
176
43
93
86
94
93
175
174
24
65
72
94
80
174
23
63
66
95
74
172
24
72
60
95
68
171
28
84
53
94
63
169
31
95
46
94
60
168
36
105
38
94
43
27
165
46
125
12
95
14
163
50
134
46
94
33
161
56
144
67
94
53
159
61
153
81
94
65
157
67
162
91
94
74
160
73
170
101
94
94
90
165
82
190
117
95
97
168
87
200
126
95
101
170
88
211
132
95
107
172
84
223
138
95
113
174
80
223
145
95
117
176
75
221
151
94
123
178
179
113
216
150
94
128
181
108
214
146
94
122
178
104
212
142
94
116
175
101
210
138
95
110
172
97
208
132
95
103
168
94
207
126
95
96
91
105
90
205
115
95
86
99
89
205
109
96
82
94
89
204
103
96
78
88
89
204
97
96
74
82
87
203
90
96
70
77
85
202
85
96
96
56
65
80
201
74
96
51
60
75
200
69
96
48
53
67
199
63
96
45
45
58
198
59
95
42
37
62
197
56
95
39
30
69
195
52
33
94
28
28
