147
119
89
136
134
148
144
117
88
135
133
148
143
115
88
137
132
148
143
113
88
137
129
147
141
112
87
137
128
146
139
110
87
137
125
144
143
135
108
88
138
122
143
135
105
88
137
119
142
132
104
88
137
116
140
131
102
84
137
115
139
129
101
84
137
113
138
129
99
84
137
111
109
137
127
97
82
138
107
136
126
94
82
137
104
134
124
93
86
138
103
133
123
91
85
138
101
132
122
89
85
138
98
130
121
89
83
139
137
96
130
120
85
83
136
94
128
118
83
83
136
92
127
118
82
83
135
90
125
117
80
83
134
88
124
115
78
83
134
87
123
115
77
83
83
132
84
121
113
73
85
132
83
120
112
72
84
132
82
120
112
72
83
133
82
121
113
68
84
131
78
118
110
67
84
130
77
116
109
65
64
83
129
75
115
107
62
84
128
74
114
106
61
84
127
73
114
106
62
78
134
71
105
105
61
78
132
71
104
105
62
78
131
71
102
105
105
62
80
129
71
98
106
62
79
128
72
96
106
61
80
126
71
93
105
62
76
124
71
90
106
61
76
122
71
87
105
63
75
121
71
86
84
105
63
76
119
69
83
104
64
73
117
68
81
104
64
74
115
67
79
103
65
75
114
67
78
102
65
77
112
67
78
102
66
78
110
66
65
76
101
66
88
106
66
77
100
66
90
104
65
77
100
67
89
100
66
78
100
67
93
98
68
79
101
68
93
98
72
83
104
69
97
93
90
71
80
102
70
101
88
72
81
103
71
104
85
73
81
103
72
106
83
74
81
104
73
110
81
74
80
103
73
111
79
76
81
103
76
116
118
74
74
77
101
74
120
76
79
82
104
78
123
71
76
77
100
79
122
68
77
76
100
81
123
66
76
74
99
81
124
64
77
74
99
82
88
129
56
71
66
92
81
127
61
82
79
102
81
127
61
83
78
102
79
127
62
87
82
105
82
129
60
85
79
103
80
127
62
89
82
105
105
82
131
57
88
78
103
81
130
59
90
81
105
82
131
57
90
79
104
84
133
55
88
77
101
81
133
57
94
81
105
83
134
56
91
80
84
107
81
134
58
94
81
104
78
132
61
99
86
108
89
143
47
82
67
90
86
140
52
89
75
96
90
143
49
83
68
90
87
142
51
88
85
71
90
92
150
47
80
65
84
84
143
57
91
78
95
87
147
53
89
73
91
92
152
48
82
66
84
94
154
46
79
64
80
85
148
57
50
84
68
86
100
163
40
69
54
70
88
155
53
88
72
89
99
165
41
70
54
71
88
158
54
89
73
90
92
162
49
81
65
83
93
164
156
61
97
82
100
91
165
49
83
67
84
84
161
58
95
78
96
87
165
55
90
73
91
90
170
50
85
69
85
88
169
52
89
71
88
93
98
178
37
69
53
67
86
169
55
92
75
91
89
172
51
88
71
85
81
166
62
100
83
99
80
166
63
102
84
101
101
182
34
66
50
63
95
76
164
70
109
91
110
69
158
84
122
105
124
75
165
72
110
92
110
72
162
76
115
98
115
76
167
68
107
89
107
87
177
53
91
73
78
94
88
177
52
90
72
88
70
161
80
119
102
120
72
164
76
114
97
114
72
164
76
115
97
114
67
156
91
129
112
129
72
163
80
118
99
82
96
86
173
58
96
79
93
68
156
91
127
111
126
72
159
84
120
103
118
77
164
78
114
98
111
67
143
100
134
119
134
78
134
74
111
94
108
90
118
56
92
75
87
100
110
39
73
56
67
99
99
40
74
57
67
80
93
68
101
85
97
74
86
81
113
96
109
100
80
41
73
56
67
84
74
60
91
75
87
79
79
109
93
105
91
52
54
84
69
79
87
45
59
89
74
84
78
38
80
108
93
103
94
30
50
79
64
73
88
23
60
88
74
82
76
15
75
103
90
100
75
7
80
44
49
54
0
12
40
27
30
41
0
58
84
72
78
35
0
34
12
20
17
21
0
44
22
31
29
14
0
28
11
16
12
7
0
12
35
25
27
0
0
84
61
71
73
0
0
5
27
17
18
0
0
83
61
21
0
0
19
9
10
6
0
0
63
43
52
54
0
0
8
28
19
19
0
0
90
71
80
83
0
0
83
64
74
76
0
0
37
19
27
28
0
0
18
36
28
29
0
0
9
26
19
20
0
0
43
27
35
31
16
23
23
0
0
12
28
21
22
0
0
77
61
69
71
0
0
24
38
31
32
0
0
59
44
52
53
0
0
49
35
42
43
0
0
73
59
67
68
0
0
63
50
57
59
0
0
74
62
69
70
8
12
13
0
0
70
60
66
67
0
0
60
49
55
57
0
0
11
6
7
6
0
0
41
31
36
37
0
0
19
29
24
26
0
0
56
46
52
54
0
0
1
8
3
3
0
0
39
30
35
36
0
0
15
86
87
0
0
17
25
21
23
0
0
88
79
85
86
0
0
15
22
19
20
0
0
68
61
66
67
0
0
6
13
9
11
0
0
71
65
70
70
0
0
30
35
33
35
0
0
24
30
27
29
0
0
11
17
83
0
0
13
18
16
17
0
0
63
57
62
62
0
0
13
8
11
9
0
0
62
57
61
61
0
0
22
18
21
20
0
0
42
38
41
42
0
0
90
85
89
90
0
0
4
7
5
6
0
0
63
59
63
95
90
95
96
0
0
16
11
14
14
0
0
15
11
13
12
0
0
1
4
1
3
0
0
2
3
2
2
0
0
12
8
11
9
0
0
15
19
16
18
0
0
3
6
4
5
0
0
59
56
58
58
25
28
26
0
0
32
28
31
30
0
0
28
25
27
27
0
0
11
8
11
9
0
0
24
21
23
22
0
0
9
5
8
7
0
0
27
23
26
25
0
0
71
68
71
72
0
0
38
35
38
36
0
0
56
3
5
0
0
31
28
31
30
0
0
23
20
22
21
0
0
71
67
71
71
0
0
9
6
8
7
0
0
24
21
24
22
0
0
16
13
15
14
0
0
5
3
5
4
0
0
7
9
7
9
0
0
2
2
39
0
0
27
23
26
25
0
0
22
19
22
21
0
0
24
21
24
22
0
0
33
30
32
31
0
0
4
1
3
3
0
0
33
30
32
31
0
0
23
20
23
22
0
0
23
26
23
26
0
0
17
15
17
35
32
35
34
0
0
3
0
2
1
0
0
59
57
60
59
0
0
28
25
28
26
0
0
14
11
13
12
0
0
32
30
32
31
0
0
23
21
24
22
0
0
57
55
58
57
0
0
58
56
59
58
18
21
20
0
0
23
21
23
21
0
0
15
13
16
14
0
0
4
5
2
4
0
0
39
37
40
38
0
0
7
5
7
6
0
0
16
17
15
17
0
0
8
6
8
6
0
0
28
26
28
27
0
0
3
28
26
0
0
16
15
17
15
0
0
6
5
7
5
0
0
14
13
15
14
0
0
11
9
12
10
0
0
6
7
5
7
0
0
4
3
5
3
0
0
38
39
37
39
0
0
22
44
46
21
0
0
3
2
36
0
0
22
38
36
24
0
0
26
42
40
27
0
0
6
6
6
5
0
0
13
11
12
11
0
0
11
12
15
9
0
0
14
12
14
12
0
0
12
10
12
9
0
0
40
34
33
40
0
0
13
12
14
18
17
13
15
0
0
46
38
36
55
0
0
10
8
8
2
0
0
55
43
41
57
0
0
48
39
37
50
0
0
18
13
7
5
0
0
58
47
44
56
0
0
52
38
33
47
0
0
16
13
13
5
52
45
59
0
0
50
42
31
31
0
0
62
52
41
44
0
0
45
39
23
24
0
0
75
60
49
68
0
0
78
61
48
69
0
0
28
15
23
2
0
0
58
46
30
30
0
0
72
54
41
40
0
0
48
14
20
0
0
38
34
16
17
0
0
45
38
14
20
0
0
76
59
41
39
0
0
83
59
43
40
0
0
96
63
46
46
0
0
47
37
18
19
0
0
68
30
20
20
0
0
75
57
31
35
0
0
93
65
43
0
0
86
64
50
40
0
0
85
65
52
42
0
0
42
32
15
25
0
0
35
54
21
31
0
0
80
67
56
43
0
0
31
59
28
34
0
0
69
66
51
42
0
0
71
66
54
43
0
0
72
68
57
68
65
51
42
0
0
66
66
51
42
0
0
51
66
48
43
0
0
27
67
44
46
0
0
21
69
44
47
0
0
13
71
43
49
0
0
10
71
42
50
0
0
15
74
44
53
0
0
10
72
45
52
76
49
56
0
0
34
81
48
60
0
0
50
85
46
64
0
0
62
88
45
68
0
0
72
90
45
70
0
0
81
93
46
74
0
0
51
89
42
71
0
0
37
85
43
69
0
0
29
82
45
66
0
0
23
47
61
0
0
18
62
45
54
0
0
16
58
44
50
0
0
16
54
44
48
0
0
15
52
44
46
0
0
15
49
45
44
0
0
14
47
46
43
0
0
14
44
47
42
0
0
14
41
47
41
0
0
10
36
40
0
0
9
29
47
40
0
0
11
27
48
41
0
0
13
26
48
41
0
0
14
25
48
42
0
0
14
24
48
43
0
0
22
29
51
47
0
0
19
29
50
47
0
0
21
31
50
48
0
0
20
32
49
24
39
50
51
0
0
28
42
51
52
0
0
26
41
50
51
0
0
23
40
48
50
0
0
31
47
51
53
0
0
22
39
46
48
0
0
24
42
47
49
0
0
23
39
45
47
0
0
28
43
46
49
35
40
42
0
0
28
39
41
43
0
0
25
35
38
39
0
0
21
30
36
36
0
0
23
31
35
36
0
0
24
30
33
34
0
0
19
25
32
32
0
0
16
23
33
33
0
0
18
22
32
31
0
0
18
32
31
0
0
21
22
31
30
0
0
18
20
32
31
0
0
18
19
32
30
0
0
21
20
31
29
0
0
21
20
30
28
0
0
19
19
33
31
0
0
20
18
31
29
0
0
20
18
32
30
0
0
20
17
30
0
0
21
19
36
32
0
0
21
19
35
31
0
0
21
18
34
30
0
0
21
19
35
31
0
0
20
17
33
27
0
0
22
21
38
33
0
0
21
16
32
25
0
0
22
21
38
32
0
0
21
20
37
22
23
40
32
0
0
22
22
38
32
0
0
21
20
37
29
0
0
22
22
38
31
0
0
20
20
36
28
0
0
18
15
33
21
0
0
18
17
35
25
0
0
19
20
37
27
0
0
20
21
38
29
20
37
27
0
0
18
20
37
26
0
0
20
23
39
30
0
0
18
20
36
26
0
0
19
21
37
27
0
0
18
20
37
26
0
0
17
18
35
24
0
0
19
22
38
28
0
0
19
22
37
28
0
0
17
35
25
0
0
16
19
34
24
0
0
13
17
32
22
0
0
13
16
31
22
0
0
12
16
31
21
0
0
11
15
30
19
0
0
10
14
30
19
0
0
9
14
29
18
0
0
9
14
29
18
0
0
8
13
16
0
0
4
11
27
14
0
0
1
9
25
12
0
0
0
8
25
11
0
0
2
6
25
9
0
0
4
6
25
7
0
0
6
5
25
6
0
0
8
5
26
5
0
0
7
5
25
5
0
0
5
5
24
1
6
23
7
0
0
1
53
23
7
0
0
2
49
23
6
0
0
3
50
23
7
0
0
4
7
23
6
0
0
5
7
23
6
0
0
5
7
23
7
0
0
5
6
23
7
0
0
6
6
23
8
6
23
7
0
0
8
4
24
6
0
0
8
4
24
6
0
0
9
4
24
7
0
0
11
5
24
6
0
0
12
5
25
5
0
0
14
6
26
5
0
0
16
7
26
5
0
0
18
8
28
5
0
0
20
30
6
0
0
22
12
30
6
0
0
25
12
33
7
0
0
27
14
34
8
0
0
29
15
36
9
0
0
30
17
37
10
0
0
32
18
40
11
0
0
35
18
94
13
0
0
37
19
96
14
0
0
38
21
16
0
0
94
23
102
17
0
0
96
24
106
15
0
0
97
24
107
16
0
0
98
25
108
16
0
0
100
25
109
17
0
0
101
26
110
17
0
0
101
27
110
17
0
0
102
26
111
17
0
0
102
27
58
104
29
59
17
0
0
102
28
112
63
0
0
104
28
113
63
0
0
104
29
114
65
0
0
104
29
114
66
0
0
103
29
114
21
0
0
104
29
115
23
0
0
104
29
116
24
0
0
104
29
116
23
30
117
24
0
0
101
31
120
26
0
0
100
32
121
27
0
0
99
33
122
26
