213
215
191
111
59
219
217
217
193
110
59
222
219
223
200
182
67
223
104
226
202
186
66
227
104
230
205
187
69
231
101
234
207
187
70
233
237
101
241
213
187
74
240
94
244
216
190
76
243
92
247
218
193
73
247
95
251
222
193
77
250
91
254
223
195
76
253
92
257
225
199
76
75
259
95
263
229
202
77
261
94
266
231
206
76
264
95
269
232
207
79
267
96
271
233
209
79
271
96
274
235
211
79
273
96
276
237
213
215
80
279
97
281
240
215
80
282
98
283
240
216
79
284
99
286
240
218
77
286
100
288
240
219
76
289
100
290
241
221
78
291
102
292
241
241
225
75
295
105
294
240
224
74
296
104
296
241
227
73
298
105
297
240
227
72
299
107
297
239
229
70
301
109
298
238
229
69
302
108
299
300
237
230
66
304
111
300
237
231
64
304
112
301
237
232
63
305
111
301
237
233
62
306
112
302
235
234
61
306
114
302
235
234
60
306
115
115
301
232
235
55
307
116
301
230
235
51
306
118
300
228
237
51
306
119
299
225
236
48
306
120
299
222
237
46
305
121
298
220
238
43
305
304
123
295
213
237
37
303
124
294
211
238
35
302
124
292
208
238
33
301
127
291
205
238
29
300
127
290
203
237
27
299
128
288
200
239
25
23
296
131
284
194
237
21
293
130
281
191
235
20
291
130
279
189
235
17
289
130
277
187
235
16
287
132
274
185
233
16
284
131
272
183
232
231
13
279
131
265
180
229
13
274
131
263
180
227
14
270
129
260
181
225
15
267
128
257
178
224
15
263
126
254
180
222
15
259
125
251
181
181
217
19
251
123
245
181
214
19
247
121
241
178
213
19
242
119
237
178
210
20
237
118
232
174
206
18
231
116
228
174
204
20
228
115
225
222
173
202
21
227
112
218
169
200
19
222
112
216
170
198
21
224
109
217
171
200
20
223
111
216
171
198
20
225
110
218
171
200
21
224
111
110
217
170
199
20
223
111
215
170
199
19
223
111
216
171
198
20
222
111
216
171
199
19
223
111
217
170
198
19
223
111
215
170
199
19
221
222
111
214
170
198
18
219
112
213
168
197
17
221
112
213
168
199
15
220
113
212
169
198
16
221
113
214
169
197
17
220
112
214
169
197
19
18
220
110
215
169
194
19
219
110
216
170
193
19
219
109
217
170
191
20
220
109
218
171
190
21
220
108
219
171
190
20
221
109
220
171
189
189
21
221
109
219
171
186
22
220
107
218
170
186
18
219
108
219
170
186
19
221
108
216
169
188
18
220
110
218
169
185
19
221
108
219
170
170
185
20
222
108
219
169
181
19
223
108
221
169
179
19
223
107
221
171
181
20
223
107
218
168
180
18
219
108
216
167
183
15
219
111
214
212
164
187
12
217
114
206
162
186
9
213
114
204
160
189
6
213
117
202
159
191
5
212
119
200
156
194
2
213
122
197
155
196
1
212
123
126
192
151
201
4
213
127
190
148
203
8
211
130
187
146
204
10
212
131
186
142
207
12
212
134
183
140
209
15
214
136
181
138
213
18
215
216
143
174
133
216
25
214
144
173
128
216
28
214
146
170
128
219
29
214
147
171
125
219
32
215
149
167
124
220
33
215
151
167
123
219
34
35
214
152
166
121
219
37
213
154
166
121
218
37
213
154
166
120
218
38
213
155
165
120
218
39
213
156
164
118
219
40
214
157
165
117
217
216
43
212
158
121
114
228
101
199
193
121
53
228
102
200
195
120
49
227
103
199
195
120
49
227
104
200
196
119
48
226
105
200
196
119
46
47
223
105
201
197
114
44
222
106
196
197
113
42
223
108
195
198
110
39
223
111
198
201
110
38
226
112
197
203
107
34
228
116
197
205
105
105
31
232
120
199
208
102
30
228
121
196
208
102
29
225
122
197
209
102
88
227
124
197
210
102
87
225
123
198
209
103
88
223
123
197
210
211
101
88
221
124
197
210
101
27
216
124
193
209
100
27
214
125
181
207
101
28
211
125
179
208
102
29
212
127
176
207
102
30
209
127
172
169
205
100
31
206
128
168
205
99
30
207
133
164
202
98
29
206
131
164
205
98
31
207
135
162
203
97
28
206
137
158
201
98
27
205
137
139
156
200
95
26
201
142
149
194
96
26
199
142
148
195
96
22
199
143
147
192
96
23
197
145
145
190
96
21
195
146
142
186
96
23
194
197
151
142
187
88
20
194
148
137
191
89
18
194
157
135
184
89
18
193
153
135
189
89
18
194
155
134
185
89
18
192
155
133
185
90
18
20
191
152
132
185
88
19
188
161
127
178
89
18
187
158
126
179
90
18
187
159
126
177
89
18
186
158
125
177
90
19
185
160
125
174
91
92
19
184
160
123
173
89
18
182
136
119
173
89
19
180
135
119
172
89
18
182
133
118
171
89
41
180
133
117
171
89
39
179
108
117
168
167
89
19
176
108
114
167
87
19
173
108
110
163
89
20
172
106
110
162
89
20
171
106
110
159
91
23
170
104
109
161
91
22
170
107
108
108
161
86
20
167
107
104
157
85
22
166
107
101
159
82
17
166
111
100
160
78
16
167
112
99
147
77
17
167
117
97
147
73
15
168
120
123
94
152
62
14
167
126
90
154
60
14
167
131
88
129
57
14
166
130
85
130
56
15
164
133
83
127
57
16
165
131
82
126
52
19
163
164
133
78
124
49
16
161
132
73
123
48
17
160
131
72
120
62
18
158
130
70
116
61
18
157
130
69
117
60
18
156
112
67
116
59
19
19
153
111
64
112
59
20
149
110
59
109
61
20
148
112
57
112
62
19
150
116
55
102
41
35
148
116
54
115
42
38
147
129
51
106
42
40
23
147
133
41
106
35
25
149
127
36
110
34
24
146
132
32
110
31
26
146
130
30
113
31
26
142
132
25
114
28
29
110
132
21
118
121
25
32
109
134
11
122
27
35
107
139
12
123
27
38
109
138
18
125
26
82
109
141
14
128
26
41
111
149
30
140
25
87
112
144
20
24
148
25
53
114
159
12
148
25
56
117
162
9
153
26
59
116
166
11
151
25
63
120
169
11
156
26
66
118
175
14
154
25
69
121
180
185
18
152
26
78
117
188
18
148
26
84
120
189
22
167
25
87
113
191
19
144
25
88
112
193
19
143
25
90
114
194
20
144
26
92
114
115
197
21
142
24
91
117
198
21
142
24
96
114
200
21
140
24
99
111
200
22
142
25
96
139
201
20
144
24
105
94
200
20
146
22
106
109
74
199
20
149
22
110
72
197
20
151
22
111
70
195
21
153
22
114
70
194
19
155
19
114
70
193
21
157
19
115
70
191
20
157
19
20
118
69
187
22
160
21
119
70
184
21
161
22
120
70
183
20
160
19
120
68
180
21
160
21
119
66
178
20
159
23
118
66
176
19
158
157
27
113
67
171
20
153
29
111
67
166
19
149
27
110
69
161
20
147
26
109
70
158
21
145
25
109
71
154
22
142
23
108
71
151
22
23
137
21
106
72
141
25
133
18
103
72
137
26
131
15
100
73
133
28
128
13
96
75
129
30
126
10
92
77
124
32
125
8
89
77
119
114
35
120
6
78
83
107
37
114
8
74
85
102
38
111
10
70
90
97
39
108
13
66
89
92
39
104
15
62
90
87
39
103
17
58
91
90
77
42
95
18
47
85
68
43
87
21
46
83
64
46
84
22
44
81
61
48
80
25
44
79
61
50
78
27
45
75
61
56
74
29
42
44
73
61
68
64
32
40
72
60
77
60
33
42
73
61
84
57
33
44
75
61
95
56
32
47
76
63
93
55
33
47
80
64
88
55
33
32
48
92
66
79
58
30
47
95
66
73
59
27
49
92
68
69
59
26
51
89
68
66
61
24
53
86
71
63
61
23
53
83
66
62
60
63
23
54
77
69
62
60
23
55
70
65
62
60
23
52
66
68
59
60
23
54
63
66
61
61
21
56
60
68
57
62
19
58
55
70
59
55
62
18
57
54
70
55
63
19
58
48
67
54
61
17
58
50
69
51
64
18
59
46
70
50
64
15
61
48
70
51
65
17
59
47
67
68
52
63
17
55
44
69
46
65
15
57
42
72
46
67
15
60
43
69
46
63
16
56
45
68
47
61
17
58
45
68
48
64
15
56
41
40
74
44
67
14
61
39
68
42
62
14
56
40
69
43
65
15
60
40
67
44
60
14
56
42
66
45
63
15
58
40
69
43
61
13
59
57
42
69
44
60
14
57
40
66
46
64
14
58
42
69
44
60
15
57
42
65
45
63
13
58
42
68
45
61
15
57
43
64
46
59
16
16
56
43
66
48
60
14
58
45
68
47
64
14
59
40
71
43
67
11
62
40
74
43
68
11
63
37
72
41
69
9
66
39
75
41
68
66
11
63
39
74
41
69
9
63
34
75
36
73
6
66
34
79
36
73
7
69
33
76
37
70
7
64
36
76
37
72
7
67
35
76
38
38
72
7
66
36
76
38
67
7
67
34
73
39
71
6
67
36
76
37
68
5
68
34
76
38
72
6
66
37
75
38
68
7
65
37
73
77
39
70
30
68
34
74
36
73
6
66
36
77
38
69
7
68
32
75
40
73
6
67
35
78
36
71
5
69
33
78
38
74
4
70
36
37
74
38
71
4
65
36
76
65
70
5
65
33
75
40
73
7
65
37
78
37
70
7
64
32
75
39
74
9
81
36
78
38
71
9
81
79
39
76
42
71
9
79
34
74
43
68
11
79
36
75
38
69
10
81
37
74
41
68
10
80
40
75
43
69
10
64
40
70
44
63
9
9
60
43
69
49
61
10
60
48
67
52
65
11
58
47
68
54
59
12
58
50
63
57
78
12
54
53
65
58
72
13
55
52
60
61
72
69
21
53
49
58
63
69
22
52
52
59
63
71
23
53
48
59
65
70
23
53
51
56
67
54
24
49
61
54
69
49
24
49
64
48
72
75
46
27
42
65
42
76
41
28
23
71
46
79
45
30
39
62
41
77
38
31
36
67
41
80
28
33
34
79
39
83
35
35
16
71
40
39
86
30
38
29
73
42
88
32
39
27
89
52
92
27
40
21
94
49
95
28
42
22
95
49
97
26
43
21
95
45
98
27
44
20
99
101
42
105
22
49
23
104
43
107
11
51
26
103
42
112
12
53
27
108
43
113
16
55
31
112
39
117
17
54
3
117
41
117
17
59
3
2
121
42
126
27
60
2
106
50
122
19
64
10
131
43
134
18
63
4
111
42
127
25
64
10
116
40
130
26
70
8
119
60
134
44
70
79
4
138
46
139
47
82
2
136
47
137
47
86
2
134
48
134
47
97
39
132
51
133
41
102
39
129
51
132
41
102
40
126
53
132
33
33
116
41
119
55
127
32
122
42
116
56
128
31
115
13
135
77
107
34
134
45
116
57
114
31
135
46
119
59
95
27
136
49
126
57
112
121
22
136
51
127
61
127
16
139
51
121
59
125
11
140
52
120
61
141
13
140
50
122
59
116
15
139
52
120
63
104
22
139
53
119
62
66
102
43
140
41
118
62
105
47
140
39
116
64
105
48
140
38
114
61
105
48
140
36
111
58
107
49
140
35
108
61
106
47
140
32
106
104
56
111
42
140
28
103
57
114
38
139
25
101
55
121
37
139
22
99
53
124
35
138
20
103
55
127
33
138
17
105
53
138
31
137
14
12
107
53
129
36
133
10
108
52
123
39
134
7
109
50
121
42
131
5
110
50
114
43
128
4
109
50
110
46
125
2
95
49
88
45
122
118
5
72
47
69
51
115
9
62
47
66
54
112
10
59
46
81
53
108
12
57
46
75
54
104
14
53
46
80
54
101
16
47
46
74
56
55
91
18
43
48
69
56
89
21
43
48
74
56
86
23
42
51
66
57
84
25
36
53
74
58
79
26
32
58
68
57
76
28
28
62
75
66
58
72
35
25
71
76
60
69
33
26
77
66
61
66
38
23
84
73
62
63
38
20
95
63
63
60
42
21
104
72
65
56
43
20
116
128
72
68
47
48
18
138
64
70
38
48
21
136
73
72
37
53
19
134
65
74
30
52
23
132
69
77
26
58
21
130
67
80
22
57
25
23
129
66
85
13
62
28
124
61
85
14
65
27
122
58
87
10
65
30
121
56
90
12
69
30
119
53
88
7
69
32
118
51
93
8
72
72
35
116
46
98
8
78
35
118
44
99
4
78
36
117
44
105
5
81
38
116
38
102
4
81
38
114
36
107
3
84
40
114
32
106
8
4
85
41
112
34
107
11
85
43
109
30
110
8
88
45
109
29
111
16
88
44
109
30
113
11
88
46
107
29
111
16
89
45
109
28
114
112
16
89
44
110
27
112
9
91
46
111
30
113
14
91
45
111
30
116
8
91
44
110
29
114
13
90
44
111
31
113
8
90
43
108
31
34
109
2
89
41
105
33
108
4
89
39
108
31
110
1
88
41
106
34
109
5
87
40
105
34
108
3
86
41
103
35
108
1
85
39
100
103
33
105
1
83
39
98
32
104
6
82
38
98
26
102
5
81
38
96
33
101
7
80
37
96
35
99
14
79
37
93
29
100
13
78
34
34
93
28
95
17
78
35
93
30
95
18
77
34
92
29
93
22
75
34
90
28
91
20
74
33
90
14
92
24
72
36
87
2
90
23
71
72
37
86
3
87
26
70
33
85
3
87
29
68
37
83
2
84
28
67
37
83
13
84
31
65
39
80
10
81
31
63
37
78
12
80
35
37
59
48
73
5
76
36
56
47
73
0
72
39
54
51
69
6
73
39
53
49
68
0
72
41
52
49
66
4
69
43
50
53
64
3
67
64
49
46
58
60
3
51
48
43
64
60
6
61
52
42
61
58
5
49
51
41
63
59
7
59
52
42
62
57
10
45
53
40
62
58
6
6
61
52
44
61
64
12
47
49
48
59
66
1
64
48
48
58
63
1
58
52
46
63
63
2
55
53
44
62
61
10
47
52
45
61
63
62
6
52
47
43
57
62
1
66
47
49
56
60
5
50
46
45
58
62
2
63
47
46
57
60
3
51
48
42
57
62
5
65
50
45
59
59
61
0
63
53
48
60
62
1
54
50
45
62
64
7
63
53
46
62
62
4
53
52
43
62
64
2
56
54
47
62
61
11
45
51
44
46
62
61
6
49
51
44
61
64
1
58
54
46
60
61
8
48
51
43
63
64
2
59
54
46
58
61
7
48
51
44
61
63
2
62
53
51
43
63
64
2
57
52
44
59
58
8
45
49
42
62
61
3
53
52
43
59
59
13
40
50
43
62
61
2
56
51
42
58
58
5
47
55
51
42
59
58
6
46
48
45
60
60
1
58
51
42
57
58
3
49
48
45
60
61
1
55
50
42
56
58
5
45
48
45
60
60
1
3
51
50
46
63
63
1
57
53
43
60
61
7
47
51
47
63
63
2
56
53
44
60
61
9
46
51
47
62
63
1
58
53
44
59
61
63
1
58
51
43
57
59
2
49
48
46
61
61
1
57
51
43
59
59
3
48
48
45
62
61
1
55
51
43
59
59
5
47
49
45
62
60
61
5
47
51
47
63
64
1
58
53
45
60
61
3
49
51
47
63
64
1
58
53
45
60
61
3
49
51
47
63
64
1
58
53
44
47
62
64
1
57
52
44
60
61
5
47
52
47
62
63
1
56
52
44
59
61
6
47
53
47
62
63
2
58
51
44
59
61
3
48
52
50
42
59
59
10
41
53
45
62
62
2
56
50
43
59
60
4
48
53
46
62
62
3
53
49
42
58
58
11
41
51
45
60
60
2
52
50
51
45
60
60
3
48
49
42
57
58
2
47
50
44
61
60
4
48
48
41
57
58
1
52
51
45
59
60
3
49
48
42
58
58
6
10
43
49
42
59
58
3
46
52
43
61
60
4
47
50
40
60
57
4
47
52
43
61
59
8
41
50
41
60
57
4
47
52
43
61
59
56
3
52
55
45
62
62
7
46
52
43
61
60
2
60
54
45
62
62
4
48
51
44
60
61
1
63
54
45
61
60
3
50
51
43
60
61
60
6
45
49
42
59
60
0
61
52
44
60
58
3
49
49
41
60
60
2
50
52
44
59
57
6
42
50
41
61
59
3
62
53
42
39
63
58
4
48
55
41
60
56
7
42
53
38
63
57
5
56
56
40
61
55
7
39
53
37
66
56
7
47
57
38
63
53
11
38
