163
81
130
242
136
38
68
80
131
244
132
35
72
82
129
244
129
29
76
83
130
245
130
48
88
136
241
127
24
85
89
136
242
124
43
88
92
137
245
122
45
89
91
136
244
118
48
91
95
138
248
116
51
93
99
143
251
115
52
94
100
144
253
114
48
96
100
142
254
113
48
98
103
141
254
112
46
99
105
142
255
116
53
99
108
144
257
118
41
99
110
149
260
118
41
99
112
148
259
116
44
99
112
148
258
115
45
98
112
148
258
115
50
98
116
148
257
115
50
97
115
146
255
114
48
96
115
144
254
114
48
94
115
141
252
114
47
92
113
139
250
115
50
90
114
137
250
114
46
88
112
134
248
116
45
83
113
133
245
118
42
80
117
132
245
118
39
77
116
130
242
120
39
74
117
129
241
119
37
71
115
128
239
120
34
67
112
128
237
120
32
63
109
126
235
120
28
55
103
124
232
120
25
51
99
122
230
121
25
46
98
121
229
122
25
42
96
120
227
123
24
38
93
119
225
123
24
33
90
120
222
128
26
29
88
115
222
130
28
84
112
218
132
31
17
80
112
218
133
34
13
80
112
214
139
41
10
84
114
216
140
44
8
88
115
214
145
52
9
89
117
215
146
52
13
96
119
214
147
53
18
96
127
215
151
58
27
90
127
215
152
58
30
85
128
214
151
61
46
88
128
216
151
62
36
90
129
216
152
58
50
96
128
216
151
62
63
93
127
216
147
62
67
92
123
207
142
62
78
92
117
203
142
60
80
94
114
203
141
56
82
96
113
202
139
63
84
93
113
197
139
62
86
93
114
199
138
59
88
92
115
196
138
58
88
92
116
196
136
60
92
93
118
195
137
54
92
94
116
193
136
56
92
93
115
193
131
31
204
98
109
183
135
31
205
102
109
185
140
32
207
103
109
187
143
34
210
208
99
109
190
145
40
207
101
106
188
141
45
204
100
98
189
137
50
199
99
98
186
135
33
206
113
118
183
134
38
208
114
123
182
134
38
55
206
108
98
184
127
54
199
101
99
182
127
57
198
101
106
186
130
58
197
108
103
190
125
58
197
102
107
187
124
55
200
104
105
185
123
128
61
209
116
133
188
128
66
210
117
135
189
128
64
212
117
134
190
129
66
213
115
132
190
129
66
212
116
128
191
130
68
212
114
127
189
189
125
70
210
111
127
186
124
73
209
110
129
185
123
70
208
108
124
185
116
68
201
94
111
179
115
68
202
96
115
179
114
69
200
99
113
111
182
116
70
196
99
108
186
114
63
193
99
105
188
114
62
196
97
109
191
111
54
192
95
107
191
115
55
193
92
132
188
118
50
194
92
92
128
189
118
52
193
91
130
187
114
50
193
92
124
189
112
52
194
93
129
189
113
45
192
97
130
190
111
45
189
96
131
189
113
44
190
190
94
133
190
112
47
191
99
133
191
110
47
190
96
135
191
111
46
192
109
136
192
107
46
191
108
137
192
109
48
192
112
136
195
107
48
49
192
108
137
196
103
49
190
103
139
192
104
50
190
100
136
193
103
47
189
91
136
191
101
48
190
93
134
192
99
49
188
92
136
191
98
101
48
189
96
135
191
103
49
190
100
137
193
104
49
190
97
140
193
104
51
191
105
142
192
106
53
194
108
144
192
107
57
195
109
143
192
192
104
57
192
110
143
189
105
55
192
107
144
186
104
56
191
107
149
183
104
57
191
108
148
180
105
54
193
102
149
179
105
55
193
105
150
149
176
109
59
195
108
151
176
107
55
194
96
150
176
112
55
195
106
151
177
113
54
197
98
150
177
105
81
84
84
160
182
103
81
47
90
160
184
105
84
22
90
164
187
99
77
16
83
161
186
103
79
13
84
162
188
101
78
13
83
162
186
102
81
10
85
163
187
99
83
7
89
163
185
97
83
5
89
165
183
97
82
3
91
165
184
95
79
3
89
166
185
97
81
4
90
165
189
97
80
4
87
164
188
98
82
4
85
165
188
100
82
4
82
166
195
101
83
5
81
166
202
104
82
71
166
197
101
78
4
62
163
196
101
78
5
59
161
196
102
77
4
56
161
196
104
77
2
51
159
194
106
79
0
48
160
195
105
83
4
52
159
198
107
82
4
50
162
199
107
82
6
46
164
198
103
80
8
45
162
198
105
81
7
43
161
198
102
80
8
44
160
198
100
80
7
45
160
198
103
82
6
42
162
199
103
82
5
41
162
199
101
82
5
41
160
198
101
82
5
39
161
198
105
83
4
37
161
197
105
83
6
34
160
197
104
84
7
35
162
197
103
83
8
36
162
197
102
82
7
34
160
197
104
85
5
33
161
202
104
81
5
31
161
192
103
81
6
32
161
193
100
80
5
32
162
193
100
80
5
32
163
193
101
82
4
30
162
193
101
81
4
24
165
195
95
77
4
38
160
192
93
76
7
39
161
192
93
78
7
42
161
194
93
76
6
36
158
191
96
78
7
41
160
190
100
77
7
38
158
186
97
77
10
41
159
187
100
77
46
160
187
97
74
10
45
157
175
97
75
10
52
160
175
96
76
9
45
162
175
97
76
8
51
162
174
97
76
10
47
159
174
95
77
14
55
161
173
100
79
15
52
161
172
102
74
17
61
157
170
102
78
20
57
160
169
101
74
20
58
158
169
101
76
21
53
160
168
100
76
20
58
161
169
99
75
19
65
159
168
100
74
20
62
158
167
101
73
23
61
161
166
102
72
23
59
160
165
102
74
25
57
162
164
101
73
24
61
158
164
100
72
25
61
156
163
100
70
26
58
158
164
99
67
25
63
160
165
100
69
23
62
159
164
99
68
24
65
156
163
98
67
25
65
155
163
100
69
28
68
157
162
104
76
28
68
159
160
102
77
28
68
159
160
102
78
27
64
159
160
103
75
29
63
157
162
100
80
31
66
158
159
98
78
31
68
157
157
97
74
29
67
154
156
96
71
29
70
151
155
97
74
28
67
152
151
97
75
28
67
153
150
98
75
53
154
149
97
71
24
52
150
148
95
69
23
56
149
147
94
70
22
68
149
146
93
70
23
55
150
147
94
69
22
50
152
148
91
69
21
44
154
148
90
70
20
45
149
147
88
73
19
43
151
146
90
75
18
49
154
146
88
76
17
51
150
145
88
79
17
50
150
145
87
78
17
44
152
146
82
78
17
37
151
144
79
77
15
38
151
144
75
82
12
46
145
143
75
81
11
44
145
141
73
80
10
39
148
141
74
80
9
40
150
142
74
83
8
45
148
143
75
85
7
49
145
143
72
87
7
49
143
142
65
85
9
44
148
145
63
83
13
42
147
143
60
78
170
54
151
151
61
77
170
51
147
151
60
79
170
50
146
151
59
78
171
51
147
150
62
81
82
171
54
147
148
58
82
169
50
144
146
59
82
169
51
143
146
59
82
169
51
142
145
56
82
168
50
141
145
56
82
168
49
140
144
52
52
82
168
53
140
142
47
82
165
51
138
140
47
82
165
51
137
139
47
83
165
51
137
138
50
85
165
57
137
138
48
85
164
55
135
137
136
40
83
163
54
134
135
35
78
159
54
128
133
34
79
157
57
127
132
33
79
157
56
125
131
32
79
156
55
124
131
33
80
155
54
123
121
127
32
80
152
58
120
126
33
79
151
56
117
125
27
77
152
57
114
125
26
74
151
57
109
125
25
72
151
57
108
124
23
72
151
59
60
101
124
22
77
149
61
102
123
22
78
148
60
103
122
20
79
148
61
108
121
19
80
147
63
114
119
18
82
146
63
118
117
16
78
148
148
66
101
121
14
71
146
68
112
121
17
74
146
63
113
119
19
76
147
59
100
119
21
75
148
54
94
120
19
77
147
58
101
120
20
80
81
146
58
115
118
21
82
145
60
111
117
22
85
145
59
115
118
23
88
145
59
120
118
24
90
145
58
128
119
34
98
36
53
129
119
35
99
54
130
122
37
100
14
55
128
122
37
99
11
57
128
124
37
99
9
58
127
126
36
99
8
60
127
128
34
98
9
64
130
127
34
98
10
66
132
127
32
98
10
68
134
130
28
96
9
74
134
133
28
95
8
77
135
136
31
98
8
68
138
141
34
102
9
56
141
145
37
105
11
49
144
147
36
104
11
44
142
148
36
102
11
40
138
148
34
97
13
38
135
151
32
94
15
39
134
153
31
91
17
40
134
155
29
88
20
45
134
158
26
84
23
49
134
161
24
82
26
50
135
164
23
79
29
52
134
167
21
75
33
61
134
173
21
71
33
63
132
173
21
68
29
70
133
176
22
65
25
70
133
178
23
62
21
73
133
180
25
60
21
78
133
183
27
57
19
82
133
185
28
53
20
90
135
190
33
50
20
90
132
189
35
44
21
96
132
190
37
41
21
99
133
192
40
39
22
102
132
194
41
38
23
106
132
196
46
36
26
112
137
201
49
35
125
147
210
53
37
34
133
148
212
55
37
38
135
143
214
57
35
40
136
146
216
58
34
45
136
147
218
58
35
46
134
151
219
57
33
45
131
148
219
58
34
47
130
143
215
57
36
45
135
140
211
56
36
47
132
138
205
54
38
46
130
132
201
51
41
45
128
126
198
49
44
56
126
123
194
46
46
52
125
120
190
46
50
45
123
119
184
42
50
32
121
113
180
41
51
25
120
109
176
37
53
24
118
106
172
35
54
17
117
107
167
34
56
21
117
107
164
33
56
43
116
107
161
32
57
59
114
105
158
29
57
115
110
101
152
28
56
112
108
91
146
25
59
109
104
89
143
22
62
106
100
87
164
19
65
62
96
85
157
16
68
60
90
83
151
13
70
58
85
81
144
10
76
53
72
79
130
6
77
54
65
81
119
6
79
55
60
84
113
8
84
70
55
88
107
10
88
55
50
108
101
12
92
57
45
107
96
15
96
60
42
107
90
16
96
44
98
83
18
95
70
47
88
84
19
94
73
50
80
102
21
94
75
51
74
102
23
94
78
51
79
103
25
93
81
54
81
103
29
91
82
61
74
107
32
89
86
86
102
64
116
39
84
90
101
61
115
41
83
92
98
64
119
46
82
95
98
61
120
50
83
99
99
60
125
55
84
102
99
62
131
58
63
86
109
107
47
145
67
86
113
109
46
147
72
87
116
112
42
149
77
87
120
118
35
152
82
87
124
119
35
154
87
88
128
121
34
157
93
78
130
122
34
169
104
68
137
128
38
171
111
61
135
130
50
169
149
58
134
133
55
172
150
51
134
139
62
175
152
47
129
146
71
181
155
41
127
148
81
180
157
33
123
153
97
179
159
25
124
150
110
179
162
25
120
148
110
182
163
21
118
149
113
185
164
23
115
148
109
187
163
18
115
148
115
190
163
17
113
148
147
123
194
162
21
112
146
121
196
159
29
112
143
129
193
159
31
108
144
132
195
158
35
100
146
137
197
158
30
94
147
140
195
158
29
90
84
151
146
198
158
30
83
151
141
196
158
35
79
153
131
197
159
40
76
153
129
196
149
43
76
158
126
192
156
50
73
161
125
188
155
58
68
67
161
118
182
151
75
62
159
117
178
149
104
60
158
131
176
100
98
57
153
133
174
91
104
56
148
138
171
92
112
60
158
134
166
97
120
60
157
114
161
120
117
57
153
102
160
125
115
56
146
91
156
136
114
55
139
83
151
148
112
53
133
73
147
175
111
52
129
65
143
171
110
51
123
58
140
168
109
109
51
116
43
136
164
109
52
80
36
136
161
110
54
77
31
84
161
111
56
81
27
81
165
112
59
94
25
81
166
111
61
96
24
56
164
111
64
103
49
81
7
64
144
103
58
70
21
67
144
104
63
52
24
72
142
104
68
53
24
74
142
105
73
57
23
73
141
106
79
101
29
76
139
107
80
104
35
76
136
108
85
67
43
76
129
109
87
67
44
74
120
112
56
45
67
108
120
82
55
46
63
108
119
80
63
45
53
101
116
77
78
45
32
91
112
71
86
45
22
80
106
66
92
50
19
69
101
60
97
55
22
58
100
54
102
59
27
49
41
103
66
28
52
95
35
100
63
25
51
95
31
90
75
24
49
86
26
92
89
25
64
71
23
126
88
30
73
64
19
46
88
55
77
56
17
52
82
58
77
75
43
24
63
74
66
71
37
36
64
81
74
71
35
33
68
79
74
71
33
28
68
78
120
71
40
22
72
68
122
70
44
18
86
56
66
78
85
45
11
129
59
131
91
43
10
132
62
133
91
43
7
135
63
137
86
43
4
138
61
105
80
45
3
142
60
103
80
43
5
143
62
99
76
47
14
151
70
89
75
49
14
153
75
86
70
52
15
155
75
85
68
54
16
157
78
85
63
53
17
159
80
86
61
52
18
161
81
88
60
50
19
164
79
89
57
58
19
168
78
93
49
66
20
170
79
93
49
61
21
174
81
96
49
59
21
137
84
101
48
54
22
130
83
169
44
54
24
123
82
173
42
54
25
118
80
77
175
41
56
24
114
76
178
40
61
26
110
75
180
39
59
29
107
76
181
39
56
31
103
77
182
35
48
30
99
78
183
34
40
31
93
87
82
184
35
31
34
84
82
179
35
25
37
79
84
174
45
23
40
50
94
168
45
20
42
44
96
164
40
18
42
66
91
137
32
12
45
47
126
90
131
30
17
46
137
95
109
28
25
45
149
99
92
28
31
45
144
103
92
28
35
44
138
105
92
29
40
43
131
105
96
