273
231
97
247
108
173
272
233
99
266
108
176
273
236
98
246
111
129
280
264
100
246
83
81
126
288
265
103
247
81
126
292
262
105
247
81
126
293
260
106
250
81
126
293
258
107
252
73
128
281
259
108
258
82
127
273
264
83
268
290
75
133
251
273
68
278
66
137
249
274
58
293
64
137
246
274
56
294
64
137
246
274
53
294
63
137
244
274
54
294
59
138
245
273
50
49
292
64
176
210
272
55
292
71
173
203
249
63
293
75
175
177
249
60
291
115
174
87
250
61
291
144
178
101
247
50
290
163
182
100
266
264
44
286
137
187
136
262
45
285
164
189
131
259
58
282
165
192
130
256
41
276
139
195
132
253
42
272
161
199
88
248
46
272
132
205
98
81
235
70
267
144
206
129
222
49
267
178
208
120
204
31
267
184
210
117
185
32
266
192
212
116
168
34
264
203
214
117
123
43
263
219
216
216
110
149
31
262
207
215
108
184
27
264
203
211
107
208
26
265
201
207
106
227
22
267
197
205
64
220
22
270
190
204
64
227
27
271
192
196
200
60
229
27
275
216
199
58
227
39
276
198
199
55
224
50
248
198
197
56
220
42
245
199
200
53
214
63
242
201
202
52
203
34
239
237
212
228
51
157
42
235
210
229
49
147
35
231
203
230
47
140
52
224
200
230
49
157
32
218
199
231
49
159
36
211
196
234
49
163
39
42
199
187
239
51
141
73
185
182
242
48
166
44
181
176
246
46
175
35
171
172
249
48
156
67
159
166
253
46
178
28
158
162
256
56
166
168
33
142
155
241
59
159
62
132
153
243
61
51
133
128
149
263
61
75
134
114
144
261
57
121
96
81
137
257
58
99
131
103
134
251
65
63
100
134
98
131
236
61
106
136
89
124
231
67
139
124
73
126
228
66
182
71
80
122
225
69
205
93
77
121
222
70
198
94
75
117
219
216
73
203
60
101
114
213
71
199
62
119
112
211
70
198
65
116
108
207
72
194
63
114
103
205
70
188
63
119
88
194
77
134
79
180
87
79
187
77
11
133
116
81
187
73
52
126
162
63
181
88
41
140
121
59
163
79
68
137
120
64
155
89
58
138
133
32
153
81
49
144
139
154
51
148
81
40
153
112
53
82
81
49
160
202
61
95
80
53
169
207
66
90
49
120
172
210
65
99
57
54
180
204
65
117
62
49
200
210
127
71
100
61
61
202
193
75
98
66
60
207
198
94
76
60
63
210
203
101
91
75
60
232
162
76
85
89
57
239
175
63
72
86
58
58
245
174
91
96
99
53
248
174
88
118
102
49
250
170
78
109
77
61
254
170
76
136
101
60
253
169
66
118
77
67
255
169
62
141
74
103
81
256
170
63
147
100
75
256
167
50
130
73
80
257
168
57
134
75
76
256
167
44
139
77
75
256
166
53
145
91
72
255
164
71
165
153
85
66
253
163
62
175
98
63
251
161
48
178
128
61
250
158
48
182
128
60
249
156
49
165
115
62
248
156
50
165
139
61
247
156
51
52
164
133
62
245
156
60
183
122
61
243
156
54
174
126
60
242
154
56
171
124
59
241
154
54
168
126
59
239
153
56
165
127
60
238
152
151
57
175
97
65
233
148
73
171
113
65
231
142
71
166
113
67
230
140
79
156
98
68
228
138
77
147
107
69
226
135
100
127
118
65
224
221
132
87
125
108
71
217
129
75
120
111
71
214
127
80
116
112
71
211
125
85
114
122
70
208
121
83
112
111
63
205
121
91
108
119
63
67
197
116
82
108
152
68
192
113
66
108
130
74
188
109
54
109
123
77
183
108
44
108
126
79
181
105
39
113
126
83
177
105
91
97
140
135
94
161
87
78
124
140
102
152
71
105
132
82
103
139
78
91
141
68
104
137
86
92
151
54
103
143
94
88
164
52
101
148
101
87
179
170
57
98
135
105
88
161
58
97
137
106
88
155
62
97
140
107
85
152
75
98
152
108
78
141
87
97
149
108
80
130
96
97
147
108
79
73
102
177
106
157
105
69
84
182
105
165
110
74
84
188
115
166
109
80
84
204
116
70
108
87
65
202
113
36
113
92
98
191
103
93
113
95
86
125
189
112
66
75
87
133
187
114
74
71
103
126
184
113
76
67
91
138
186
113
74
63
107
139
186
110
70
56
113
120
193
108
67
62
51
98
151
194
103
57
53
115
155
195
101
52
54
98
161
195
97
44
55
116
165
191
95
44
57
116
179
190
94
38
59
118
182
189
97
100
37
62
123
184
188
106
37
65
113
187
187
112
38
68
115
185
186
112
34
71
129
187
182
113
45
74
136
189
183
110
38
77
142
194
176
168
81
52
78
150
197
161
68
80
73
154
200
155
68
96
72
158
201
147
67
53
69
174
205
139
68
31
72
184
212
98
66
49
76
185
189
190
102
68
68
96
189
195
84
70
81
100
186
195
74
72
93
102
179
221
68
74
104
104
173
216
61
76
114
103
170
211
62
71
120
89
168
157
181
67
60
133
89
163
168
65
58
138
94
157
154
63
55
143
99
169
139
60
56
149
102
159
147
67
52
151
108
168
154
66
50
150
111
109
173
169
64
47
146
107
175
173
58
46
145
108
180
175
56
48
146
112
184
179
64
49
147
117
191
180
63
49
148
116
194
180
54
50
150
151
119
200
182
49
43
152
122
228
181
49
38
152
126
227
178
47
36
155
130
225
176
45
34
154
130
223
174
43
32
154
133
220
173
42
31
30
152
141
214
166
36
32
152
142
211
161
34
37
153
140
219
140
34
43
155
137
206
152
33
46
157
135
215
135
31
43
157
133
200
154
30
28
42
157
131
191
156
25
44
157
130
187
157
26
45
157
129
184
160
27
48
157
127
181
164
28
52
158
126
177
164
29
56
158
125
175
166
167
28
63
160
122
165
173
26
67
160
120
163
153
28
70
160
118
159
184
37
75
160
117
157
188
39
76
157
115
155
192
39
78
156
114
161
167
196
28
81
148
113
172
192
42
85
147
110
176
188
44
86
148
108
180
185
52
88
148
105
185
180
54
89
150
103
190
177
58
90
152
100
97
184
173
66
92
154
93
190
170
74
92
152
89
196
169
78
93
151
85
203
163
90
94
150
82
206
165
93
93
149
78
219
106
77
85
146
144
91
225
149
91
69
139
88
229
164
92
61
135
87
232
163
86
52
131
91
234
169
89
53
124
96
239
169
108
57
115
100
243
152
110
63
68
126
99
239
99
132
73
121
94
237
110
140
73
118
93
234
121
127
72
116
91
232
119
148
75
124
91
218
113
154
78
132
86
216
108
155
159
84
145
77
206
112
157
88
147
72
209
114
164
91
152
69
196
116
165
91
156
69
187
117
175
91
160
70
178
118
184
91
165
72
173
117
115
203
90
175
69
175
106
206
89
177
73
179
71
211
86
179
76
179
36
218
75
181
77
182
47
223
76
184
83
187
52
220
76
183
82
192
196
54
223
76
182
83
196
54
223
76
181
81
198
58
223
77
179
84
200
62
224
78
178
86
203
67
224
79
177
81
205
70
225
79
175
84
88
212
76
228
79
170
93
218
79
229
79
166
95
224
78
229
78
164
98
221
78
230
78
163
102
217
77
231
78
163
105
214
74
241
78
162
161
111
203
74
235
78
161
113
201
73
233
77
161
123
197
72
230
77
161
124
189
71
228
76
169
128
180
70
226
75
180
143
169
67
222
76
76
184
138
130
60
211
75
180
135
122
58
208
75
179
134
115
62
204
76
178
133
104
67
201
76
177
134
78
72
197
76
175
146
79
80
191
183
73
176
157
120
91
170
70
176
162
137
96
151
70
178
167
149
100
120
69
180
175
155
105
76
69
191
170
155
110
102
66
196
168
154
114
115
120
73
207
166
149
114
131
75
210
164
151
114
135
81
215
164
151
113
144
84
200
163
139
114
161
87
200
161
135
114
173
89
201
159
131
125
121
189
92
206
155
91
123
192
111
207
156
50
126
199
132
211
156
42
130
205
133
214
154
36
134
205
133
218
149
34
135
201
134
222
152
155
32
136
201
133
229
157
33
136
200
133
227
159
34
138
195
134
223
162
34
140
189
135
219
167
34
141
184
137
215
174
35
143
179
139
212
208
173
36
145
167
144
204
169
37
147
134
147
198
164
37
149
122
151
195
159
36
151
110
151
192
154
35
152
95
151
188
150
33
154
80
151
151
178
145
29
156
64
151
172
141
28
156
60
151
168
138
29
158
55
151
178
136
34
159
57
152
175
133
40
159
56
152
172
130
46
160
56
55
152
151
125
54
160
56
150
146
120
56
160
59
150
143
116
55
159
63
149
151
109
56
160
66
147
147
94
56
158
71
145
143
72
58
157
153
75
142
141
43
63
146
72
138
138
95
63
144
71
137
123
140
64
146
70
137
124
154
64
145
68
135
124
153
66
148
67
135
123
152
67
69
150
74
135
118
150
72
145
80
133
114
148
74
142
84
134
107
147
78
139
86
134
90
146
83
136
87
135
51
144
86
132
86
132
109
138
140
89
124
80
131
122
143
91
119
77
132
71
151
92
115
74
133
69
155
86
109
70
134
79
159
92
105
71
137
87
164
95
101
71
140
96
104
170
96
91
72
155
111
172
97
89
72
158
119
178
98
85
71
157
119
181
101
84
72
155
118
186
102
80
74
152
109
191
102
77
77
126
114
147
203
101
64
82
110
162
195
101
59
86
114
173
191
100
54
91
118
179
188
100
47
96
122
182
185
101
41
101
125
183
182
102
35
106
111
133
182
175
106
12
116
131
174
176
108
13
121
133
163
182
109
20
127
137
133
187
106
30
127
140
166
190
104
24
126
144
166
196
100
24
49
122
145
154
208
92
61
120
141
155
213
91
70
118
138
164
218
89
76
117
135
170
223
87
83
116
133
176
221
84
88
115
129
179
218
80
75
97
115
122
163
210
69
101
114
119
156
206
65
106
113
116
150
203
63
111
112
113
143
200
62
110
112
111
136
197
61
109
111
108
128
193
190
48
105
108
111
115
185
40
103
106
118
113
183
33
101
104
125
112
181
29
99
101
130
110
176
25
96
98
136
111
173
22
94
94
134
113
106
166
22
91
82
130
98
161
27
100
77
127
89
158
32
112
73
124
81
155
36
120
71
122
75
151
40
129
68
119
78
148
42
137
66
116
115
88
112
49
149
59
115
97
94
52
151
52
134
103
97
55
155
43
141
109
101
54
159
33
147
114
106
53
164
22
153
120
106
52
168
15
15
164
123
101
47
180
25
169
110
97
45
186
58
176
112
78
43
185
76
176
113
70
41
183
85
177
112
63
39
182
92
179
102
66
39
180
177
104
184
90
109
40
175
110
187
87
115
41
172
116
190
87
117
42
169
120
194
88
117
42
166
125
197
90
119
42
164
121
202
93
122
42
49
157
116
195
102
108
56
156
115
193
106
103
61
153
113
189
112
94
66
151
111
186
119
77
73
148
109
182
128
52
81
146
108
178
137
36
23
98
141
104
166
143
26
102
139
103
162
146
37
