193
66
148
163
117
91
194
65
148
163
116
92
194
64
147
163
116
93
195
74
150
201
120
103
190
59
112
178
107
128
165
32
125
154
149
94
160
141
197
180
103
170
254
106
194
178
120
181
257
120
253
165
136
189
279
74
216
161
138
168
179
237
217
155
139
171
261
235
167
217
138
190
189
253
228
176
168
139
191
244
224
144
125
134
197
247
220
142
121
123
187
243
221
152
129
116
152
236
223
148
126
110
149
237
223
150
118
106
102
147
248
227
208
179
131
141
245
223
228
101
95
188
263
231
148
93
125
181
262
231
152
86
81
173
262
231
230
77
79
169
256
225
224
73
71
69
160
251
221
210
78
66
155
249
229
211
77
59
152
250
226
170
75
57
149
253
223
169
73
55
147
257
223
200
71
49
145
257
175
196
215
73
52
143
252
176
196
73
38
120
251
185
197
143
37
114
253
193
203
144
36
141
254
190
218
78
43
141
258
196
218
131
45
152
262
184
183
209
130
43
149
266
185
209
133
46
122
268
233
217
134
41
124
270
174
220
137
39
125
268
179
223
137
39
126
269
182
221
139
39
127
269
269
177
226
144
34
125
271
173
228
147
33
126
270
241
225
149
32
118
273
240
224
150
31
118
273
239
219
154
29
112
277
238
218
158
30
109
107
280
236
218
160
30
107
280
234
218
161
28
105
279
234
219
161
27
105
279
233
219
163
30
104
280
233
219
165
27
104
280
232
219
164
28
26
100
280
230
220
166
29
99
280
229
220
169
26
99
279
228
221
169
27
100
279
227
221
170
29
100
279
227
224
86
27
100
253
226
223
88
85
31
94
252
225
224
80
29
94
250
224
224
86
29
94
253
223
225
89
35
93
253
222
225
93
35
92
253
222
226
87
32
91
244
222
226
227
87
36
90
244
221
227
89
36
90
247
219
228
91
36
89
245
219
228
98
34
88
246
222
228
100
37
88
250
221
229
98
38
87
247
221
222
231
102
34
86
250
224
231
104
42
85
249
225
230
189
39
84
248
226
232
105
42
84
251
227
232
194
40
82
243
229
232
194
47
82
243
243
232
234
197
43
81
245
233
234
196
49
80
246
234
236
196
46
80
254
235
237
195
45
79
256
237
238
194
51
78
253
238
238
193
48
77
78
254
241
242
108
44
78
257
240
243
109
41
77
258
240
243
109
41
76
262
242
244
109
33
78
264
243
241
112
34
78
257
243
240
115
36
36
86
260
242
237
114
38
85
266
238
234
114
32
85
269
234
230
114
39
85
255
229
230
113
34
84
256
229
229
113
31
86
257
230
229
113
113
35
90
257
229
228
112
32
90
258
228
228
111
36
89
258
227
227
109
64
86
256
228
227
108
100
87
256
229
227
107
101
86
257
232
227
227
109
102
86
258
236
227
107
104
86
259
236
227
108
103
86
264
237
225
104
67
87
314
242
225
101
67
87
315
243
225
102
66
87
315
244
244
229
103
76
96
316
246
229
100
66
92
314
246
229
99
78
98
316
246
230
97
78
97
318
250
230
94
80
97
316
250
229
101
108
91
260
261
235
231
98
107
93
278
234
231
95
107
93
273
236
231
92
106
93
273
238
231
90
106
92
272
240
231
90
104
91
263
237
232
90
102
91
91
247
231
231
90
100
94
239
95
232
91
103
89
229
92
235
92
100
87
223
87
233
86
104
91
227
208
235
72
59
87
216
231
236
75
56
53
86
201
227
237
76
51
85
198
224
234
76
44
85
196
223
234
75
44
86
194
221
234
77
38
84
191
221
235
75
45
86
193
223
232
74
90
114
85
189
220
238
95
123
80
178
213
240
98
120
70
171
214
241
101
93
68
168
214
242
101
123
66
162
208
243
98
129
75
160
212
244
245
99
127
66
150
212
246
101
120
64
152
212
245
100
124
66
154
206
162
91
13
75
175
210
158
104
128
73
170
208
214
105
123
64
155
205
198
212
115
131
47
145
200
210
118
111
49
149
197
207
120
112
50
150
192
204
120
111
53
150
199
202
119
111
58
147
179
199
121
127
59
138
131
175
196
121
30
66
151
168
195
123
24
66
165
166
194
126
26
67
166
161
194
129
29
68
163
157
194
133
39
70
163
153
194
139
39
71
73
144
147
195
143
96
76
157
145
196
140
36
78
150
142
196
143
39
80
146
141
199
146
40
83
143
137
201
149
41
86
140
132
202
152
53
76
91
164
134
197
161
75
92
175
138
196
162
72
95
181
143
197
163
50
98
152
145
198
164
42
90
152
144
149
156
59
85
153
149
183
151
158
91
80
145
139
198
197
80
89
142
93
198
198
83
84
140
92
199
200
95
86
138
93
201
202
96
88
138
95
201
206
90
92
137
101
201
204
183
106
95
135
103
211
200
109
99
134
103
213
220
117
101
132
102
216
168
120
105
131
100
225
169
120
105
130
100
227
148
113
61
129
101
102
232
207
107
63
127
103
234
208
106
63
125
120
235
209
106
66
124
118
235
211
107
68
124
111
234
213
107
71
123
113
233
214
107
74
112
107
94
235
216
113
74
135
94
237
220
116
77
130
91
237
221
108
76
92
98
240
171
110
75
91
95
241
169
101
73
88
93
242
160
105
76
73
74
87
245
153
96
76
50
83
246
154
98
79
38
83
248
155
99
82
27
83
249
158
101
81
26
83
250
156
102
77
64
83
251
154
107
113
77
61
82
254
155
118
78
63
81
258
157
125
81
62
80
261
161
122
85
65
79
260
167
102
90
68
79
261
180
100
102
58
79
251
187
195
123
119
63
80
251
204
158
121
58
78
253
207
171
111
55
78
248
258
171
104
55
78
245
257
166
96
46
78
241
257
134
88
41
79
239
237
196
171
117
40
78
237
276
173
115
36
79
235
276
177
113
39
80
232
275
179
137
44
79
222
220
127
134
52
79
217
221
124
147
57
75
72
213
259
240
166
30
67
208
259
229
123
33
68
202
261
229
130
36
68
193
262
230
140
45
67
183
265
214
139
39
67
176
265
188
140
39
36
64
165
267
182
154
33
63
159
253
189
153
27
61
152
253
195
186
24
58
144
251
216
199
19
55
137
249
227
192
17
51
133
248
206
189
184
11
45
135
251
220
154
7
40
141
267
223
148
10
40
146
250
221
142
12
49
147
271
217
113
13
46
148
267
213
105
23
43
150
251
217
220
117
28
36
152
241
223
119
27
22
154
241
225
124
27
32
156
248
227
129
27
31
158
212
229
136
32
34
166
231
227
112
32
36
164
232
232
206
120
31
39
170
247
198
121
24
40
172
229
190
118
21
42
177
230
184
119
20
43
176
229
179
121
20
43
175
229
174
116
22
44
174
174
231
165
118
24
46
173
230
157
118
24
47
166
229
152
119
25
48
165
245
150
119
26
49
164
244
137
117
28
50
163
218
68
118
25
53
54
163
200
34
118
26
55
161
224
63
117
26
54
161
203
82
116
26
54
161
189
86
115
28
53
157
181
91
115
30
53
154
253
119
114
35
35
52
148
254
153
116
35
51
145
255
169
116
26
51
143
256
179
115
27
50
141
256
215
116
28
49
140
258
220
114
28
48
138
258
224
113
116
31
48
135
258
187
115
30
49
135
255
167
114
30
50
132
224
161
113
28
51
132
225
162
113
27
50
133
202
171
138
27
50
138
194
175
171
135
29
49
135
186
168
110
30
50
139
207
172
114
30
49
137
228
170
119
31
49
148
251
178
122
32
48
153
253
180
126
33
47
155
251
245
172
128
32
49
140
241
167
121
31
51
138
249
160
118
32
51
139
218
168
123
31
52
137
201
166
120
32
54
139
243
167
121
33
53
137
133
263
170
125
33
54
139
229
171
134
33
55
163
201
182
138
33
53
165
187
188
137
33
56
165
180
193
135
33
53
137
211
189
136
33
53
51
164
224
192
169
44
47
161
223
197
164
44
45
142
235
194
160
45
44
144
229
211
159
46
44
146
221
194
164
46
43
169
219
198
164
49
49
43
149
218
200
165
47
44
148
214
195
163
44
43
148
189
198
162
43
44
148
257
186
165
40
44
146
251
185
157
41
43
148
245
70
151
146
45
41
158
230
76
139
46
40
157
224
79
132
46
38
164
218
213
129
45
35
164
212
218
124
48
34
166
214
222
103
48
32
170
217
226
222
101
48
32
171
207
218
100
81
32
174
204
222
112
94
31
177
207
225
110
99
30
178
210
229
111
104
29
180
215
225
115
103
28
180
221
207
100
126
112
27
183
207
107
128
115
26
185
207
114
89
112
25
186
202
110
87
118
24
190
192
220
85
116
22
189
197
106
120
102
22
188
192
226
122
109
97
20
195
220
124
101
96
19
195
214
126
95
96
18
200
209
134
91
96
18
202
202
200
92
101
19
203
195
237
94
112
19
20
211
184
235
91
129
22
214
179
236
88
143
24
217
175
238
88
148
27
218
171
239
92
140
28
218
169
240
81
136
29
219
166
241
85
136
136
32
220
157
247
75
134
34
221
153
248
70
132
35
220
150
249
63
134
36
221
149
249
58
136
38
221
152
250
53
136
38
220
155
250
58
63
135
39
219
146
251
67
138
39
220
152
252
73
138
38
220
156
252
77
137
36
218
152
251
58
135
34
217
149
251
59
135
33
218
148
251
250
66
131
32
217
149
249
68
129
31
215
152
248
69
128
30
213
152
240
72
127
29
211
147
219
73
126
31
209
141
205
71
126
31
207
138
132
190
73
124
31
201
132
182
77
124
32
199
128
177
78
124
32
195
125
174
80
123
30
193
121
169
79
124
31
190
117
166
82
123
31
194
191
117
160
82
122
31
186
120
155
84
121
29
184
127
152
86
121
28
181
133
149
90
120
27
178
139
147
92
120
26
175
144
144
93
120
24
22
169
156
144
99
116
20
165
152
144
100
114
19
173
148
142
98
109
19
172
142
133
111
114
17
172
135
130
111
133
21
171
124
130
112
129
123
6
163
120
139
114
112
7
159
125
152
117
110
7
164
131
161
121
100
6
160
136
167
123
97
6
155
141
176
126
93
7
158
146
177
129
129
87
8
151
160
184
125
87
8
145
164
187
122
91
9
148
166
187
121
91
9
150
171
189
120
93
10
151
177
187
119
93
11
153
180
189
190
124
93
13
153
183
191
123
93
13
153
185
182
121
93
14
154
187
177
118
94
14
149
188
172
116
95
14
144
191
169
115
97
15
138
188
185
168
110
100
14
127
182
163
108
101
15
132
180
168
107
102
14
135
177
167
105
102
13
130
184
166
103
103
13
124
180
166
99
103
13
119
112
175
149
99
119
11
116
173
135
113
121
13
119
170
126
115
122
18
122
166
153
116
123
16
122
161
157
114
122
4
125
156
164
112
122
8
8
129
162
134
117
117
7
131
163
130
118
113
7
135
165
132
117
115
8
139
166
133
121
113
8
142
168
138
123
106
9
147
171
138
121
101
93
8
150
174
137
120
85
11
151
175
131
117
79
11
154
177
123
116
75
11
155
179
129
113
70
11
158
180
131
118
67
12
160
180
133
123
122
59
13
148
182
139
117
54
13
145
183
138
123
50
14
140
184
135
128
46
17
132
186
130
132
56
21
125
188
120
138
63
39
116
189
116
126
138
68
36
98
190
104
139
66
43
91
193
65
143
61
45
84
195
60
146
55
48
92
195
58
149
49
49
98
196
54
152
43
52
102
198
200
56
151
33
52
103
200
50
149
37
51
103
201
57
149
39
52
103
201
49
149
41
58
103
202
56
148
42
59
101
203
51
150
43
64
103
104
203
48
148
26
61
104
203
54
149
21
63
103
204
44
149
18
69
102
205
49
153
15
61
102
206
44
157
16
62
100
206
49
162
18
64
68
96
208
45
167
28
70
97
208
40
171
23
70
97
209
44
173
19
68
92
209
40
174
12
72
90
211
39
175
13
76
88
212
36
175
15
18
79
83
216
38
181
17
81
80
217
37
183
16
84
82
219
35
186
11
82
79
220
38
190
13
85
74
222
37
190
14
88
70
224
36
191
191
16
89
64
228
36
191
17
90
63
230
35
192
18
92
62
232
37
193
19
93
62
233
37
194
19
94
61
235
38
195
20
95
60
236
38
38
197
26
131
58
240
37
198
33
132
54
239
36
198
27
133
51
238
36
199
25
104
49
237
37
199
25
127
49
236
37
200
24
126
51
235
234
130
202
22
106
51
232
130
201
22
106
52
228
131
202
22
104
52
223
132
202
22
98
52
221
95
201
22
93
50
221
85
201
22
95
48
47
223
58
201
26
102
43
223
52
200
29
108
36
225
59
200
31
131
33
230
52
201
33
137
30
233
44
201
35
145
27
236
35
202
36
152
156
24
239
32
203
40
157
21
245
29
202
41
162
21
248
32
203
44
166
20
250
32
209
57
175
16
252
37
218
49
175
16
254
40
226
51
54
177
14
256
40
229
65
177
13
258
42
229
67
180
13
261
46
229
69
184
11
262
47
229
71
187
11
264
49
228
73
190
10
265
50
228
227
77
193
9
265
96
227
79
194
9
265
52
226
79
195
9
265
55
226
80
198
9
265
54
226
82
199
9
265
54
225
84
200
9
265
56
50
225
86
203
11
263
48
224
87
203
18
262
40
223
87
202
14
254
33
224
88
202
11
245
32
224
88
203
8
235
37
224
92
202
5
229
228
52
223
92
156
6
228
52
221
88
154
5
216
54
221
86
152
6
204
56
221
86
149
7
195
53
220
86
147
9
184
53
221
87
145
10
10
186
39
219
90
143
9
185
56
216
93
152
8
188
58
212
96
158
7
188
39
211
96
155
7
188
37
210
97
153
7
187
36
208
97
152
150
7
186
35
203
100
151
8
186
36
200
102
148
8
188
36
198
103
148
9
189
36
196
105
147
10
190
36
195
106
148
10
190
36
194
107
108
150
10
193
38
192
110
148
11
192
37
190
111
147
11
192
37
188
113
146
11
192
37
187
114
144
11
191
37
186
115
143
12
191
37
185
184
118
142
13
189
37
181
116
140
13
190
38
180
118
140
13
185
37
179
119
140
13
182
37
177
116
143
14
174
35
175
116
153
14
166
35
35
173
113
156
14
155
35
170
113
156
15
155
36
170
111
157
14
159
37
169
110
156
14
164
38
176
109
157
13
166
38
183
108
156
13
167
168
37
193
106
155
13
168
36
196
106
155
13
168
36
200
107
156
13
161
34
204
108
158
14
155
32
207
108
160
15
150
30
209
109
161
16
17
140
28
214
109
154
18
134
27
216
109
157
19
128
25
218
110
159
20
122
24
215
111
160
21
116
23
213
111
162
22
110
22
210
112
166
167
25
98
22
204
112
167
26
92
23
201
112
170
25
98
24
199
113
168
25
104
26
196
113
169
26
111
26
194
114
170
25
115
29
191
114
114
166
28
103
31
184
113
163
28
98
32
181
112
160
30
93
33
176
114
159
29
100
35
174
119
157
24
106
39
171
119
154
26
112
39
176
183
114
151
28
121
35
187
114
148
27
114
35
191
114
141
28
107
36
195
112
137
27
101
52
200
110
137
28
93
56
202
104
139
29
88
51
55
208
114
135
26
96
56
206
119
152
21
100
61
202
118
157
20
103
65
198
116
157
20
108
69
196
113
159
18
111
74
193
105
158
18
116
124
130
189
100
146
25
132
128
182
94
131
24
138
128
181
92
129
23
141
128
177
88
133
19
145
128
176
86
132
18
149
129
175
84
131
16
15
115
134
170
75
109
17
111
136
157
74
106
14
111
140
161
76
101
14
111
147
162
78
128
15
110
144
152
81
131
15
109
84
149
90
188
130
15
104
156
147
76
126
15
102
151
144
75
119
14
102
153
152
75
126
15
101
89
147
74
166
15
100
151
156
76
123
15
100
147
152
76
79
125
18
99
83
155
77
162
18
97
145
163
79
111
19
97
80
156
78
156
20
97
142
166
80
110
21
97
78
158
79
89
21
97
138
168
162
81
84
25
89
137
170
85
100
25
90
76
161
84
155
26
92
137
167
86
164
27
93
134
161
86
151
28
95
137
168
88
164
29
96
74
134
189
87
158
31
97
132
193
87
143
32
98
133
175
89
157
32
99
68
175
89
145
33
96
130
177
91
155
