209
218
135
118
119
150
215
219
131
113
116
147
215
223
129
111
114
147
219
227
126
107
113
148
223
230
131
111
117
150
227
229
125
105
113
145
145
230
232
119
99
109
143
232
232
122
101
112
144
234
235
135
114
126
152
238
235
119
99
111
142
238
237
121
102
115
144
241
242
114
95
108
108
140
249
242
132
113
126
151
248
247
112
94
108
139
252
243
128
110
124
148
250
251
115
98
111
142
258
254
121
106
118
147
261
257
107
93
120
131
155
264
263
103
91
102
136
269
264
107
95
107
140
272
266
109
98
109
142
274
272
91
79
90
129
280
272
101
89
100
135
279
274
113
110
96
108
141
281
284
84
70
82
124
288
282
116
102
113
148
284
290
98
82
93
134
292
294
97
80
91
133
295
296
98
80
90
133
297
299
304
99
80
89
133
303
309
89
71
78
126
308
312
89
71
78
126
311
318
72
61
75
116
315
318
66
56
71
113
316
316
71
60
77
117
315
318
321
48
38
52
99
321
321
44
33
48
96
321
322
40
30
44
93
322
321
36
25
40
88
321
321
32
21
35
83
320
323
31
25
35
90
85
320
317
54
51
57
120
312
243
43
41
43
114
242
163
10
7
15
83
166
40
31
29
30
104
48
21
3
7
13
72
32
48
39
43
44
9
87
121
12
7
4
7
80
5
6
25
27
34
48
20
7
11
11
18
62
22
14
76
79
85
7
28
55
70
74
81
8
68
133
76
81
106
114
35
108
74
114
120
128
48
66
61
107
113
122
42
55
51
62
67
78
11
46
45
55
60
72
12
44
8
119
121
133
58
6
13
148
166
167
180
109
16
7
74
76
93
15
6
16
117
116
135
59
22
6
67
67
86
11
10
6
48
47
68
14
13
11
45
44
64
14
25
8
9
35
32
54
19
9
14
27
23
46
24
5
11
20
18
42
27
7
15
17
11
36
31
31
24
3
4
26
39
40
41
9
7
33
31
52
141
36
10
5
30
28
23
51
3
10
18
37
38
29
14
21
10
43
17
32
46
51
36
71
22
7
27
31
18
49
6
10
30
33
22
50
42
6
13
38
36
29
50
11
6
30
27
23
40
6
9
30
25
24
38
9
7
6
1
12
15
6
9
32
25
29
34
6
8
20
16
19
66
61
16
17
46
39
47
45
29
14
45
39
47
44
7
9
30
24
35
28
10
17
10
3
18
7
34
6
38
32
48
24
13
20
58
52
15
34
6
13
65
18
23
8
31
60
56
15
12
33
3
40
22
33
34
53
17
6
12
14
16
36
3
5
24
2
8
23
13
11
23
18
13
19
41
6
38
30
6
7
26
14
40
22
8
6
22
17
16
14
5
9
30
12
8
16
4
9
32
13
10
14
6
15
41
4
14
4
24
5
14
39
6
24
33
42
34
10
53
39
19
24
16
12
31
23
18
15
7
19
27
12
39
28
18
7
38
32
35
26
20
5
41
22
8
9
11
2
24
24
8
42
10
6
24
27
57
166
11
8
21
30
179
32
10
9
25
30
48
52
20
22
10
43
35
54
11
17
20
37
19
104
17
8
2
28
23
4
27
17
6
36
18
12
22
10
15
13
34
36
13
23
11
40
13
25
6
7
3
29
28
12
14
10
3
29
37
17
6
35
4
7
22
29
29
11
16
9
31
22
16
15
14
6
28
22
10
8
7
4
22
29
7
11
15
11
28
25
10
18
14
12
26
35
17
15
21
28
31
31
20
22
15
12
18
16
35
20
10
29
37
30
18
9
9
24
34
20
26
8
28
5
15
7
40
38
189
11
5
16
7
39
96
76
26
37
18
15
64
70
14
24
10
23
58
77
34
46
21
6
71
66
23
36
12
12
53
64
25
35
11
10
53
12
75
19
27
7
19
32
9
19
27
7
18
5
20
33
40
6
7
72
7
29
34
5
10
60
13
26
30
8
11
65
62
28
28
9
12
12
4
8
26
23
16
12
11
20
41
33
5
8
8
32
60
52
15
28
20
10
30
20
20
10
4
2
51
38
5
18
7
64
36
23
16
7
35
12
68
77
61
24
47
23
16
83
68
29
54
19
23
49
33
8
20
17
19
49
32
11
21
8
51
86
71
32
61
39
13
34
18
27
46
76
68
12
37
23
21
15
12
9
20
8
36
6
11
16
55
46
8
39
19
12
48
44
11
36
11
14
43
42
13
34
15
40
45
48
5
44
7
34
75
22
26
25
17
74
15
33
43
13
33
38
49
8
16
35
7
39
15
34
45
9
36
37
12
21
37
18
28
36
54
34
21
40
16
33
19
9
49
54
17
45
20
18
52
59
26
53
14
63
64
78
47
69
40
13
37
47
17
40
28
10
33
43
16
36
15
23
51
28
39
18
34
49
10
4
17
10
21
20
14
41
51
32
51
11
23
38
33
34
19
42
17
22
17
23
3
13
15
15
30
26
26
16
11
14
8
8
22
19
19
13
4
9
11
10
21
8
6
27
9
7
21
27
5
3
18
14
39
10
7
18
9
5
18
12
7
4
19
12
8
11
12
4
9
22
9
17
16
12
22
15
7
27
68
12
18
23
8
75
70
15
19
24
8
80
62
23
30
19
14
74
69
19
24
24
21
14
51
13
36
39
18
18
10
17
31
35
21
17
9
10
50
51
15
27
15
20
32
37
26
24
7
17
30
38
27
25
7
10
37
43
48
24
28
6
21
44
46
29
34
7
10
41
47
29
33
29
31
46
51
29
37
56
20
47
51
29
36
49
26
47
54
28
33
58
8
47
50
57
31
32
15
17
52
59
33
31
20
28
52
60
34
31
8
19
57
66
32
30
21
7
57
67
33
31
33
8
62
74
30
31
32
8
36
67
78
27
29
14
8
73
83
27
32
28
35
80
86
26
31
19
27
79
83
25
31
14
30
87
88
20
33
20
104
90
88
20
38
85
69
86
97
95
14
40
69
102
89
86
20
41
86
35
101
97
13
45
36
38
102
97
12
46
38
29
101
95
14
46
31
11
102
95
24
50
51
19
13
114
103
37
54
24
28
128
116
50
61
32
21
124
112
45
57
29
25
137
125
57
65
37
22
117
105
35
51
37
12
118
107
34
48
59
38
9
126
115
45
54
37
10
124
113
44
52
44
35
117
112
42
50
10
45
122
119
50
55
12
49
114
112
47
50
12
52
108
106
105
49
46
21
62
110
109
56
51
17
20
105
106
57
50
33
6
103
103
58
48
53
58
100
101
60
48
10
61
92
96
58
46
14
56
89
85
91
61
46
17
35
109
116
89
70
22
39
108
116
92
70
18
27
108
116
96
72
30
23
108
116
100
74
34
20
98
106
95
66
35
31
22
47
52
53
5
32
33
43
48
55
6
21
25
38
43
54
12
27
20
33
39
52
19
30
13
40
43
61
15
41
24
39
37
62
17
23
17
17
42
39
66
19
26
18
36
31
61
27
23
17
36
29
59
33
22
20
44
37
72
22
18
17
44
36
69
28
17
20
49
41
78
23
29
17
14
66
58
91
15
17
14
69
63
92
18
18
20
82
77
105
8
44
10
72
69
101
14
33
19
25
33
60
54
20
37
21
15
84
92
25
9
36
9
10
77
41
10
41
24
27
90
31
8
33
20
22
96
26
17
37
36
41
97
27
15
28
24
30
92
31
24
20
32
39
18
92
33
13
25
46
56
108
23
32
23
120
114
56
74
35
31
112
105
62
67
28
23
62
70
114
20
37
33
48
57
106
25
26
39
32
36
45
99
28
34
27
31
40
102
25
31
24
49
54
107
20
34
25
26
31
87
32
32
33
35
40
91
25
23
29
16
22
83
28
25
23
25
20
21
68
35
26
18
8
8
55
42
33
34
37
32
75
21
17
32
42
37
72
18
17
21
37
30
71
16
23
20
25
22
60
19
22
23
25
4
6
39
26
17
23
15
3
20
39
17
15
30
16
25
26
18
15
29
16
40
17
17
15
7
7
33
15
17
13
17
4
37
22
24
25
11
16
6
38
33
27
11
5
16
28
26
30
18
48
42
29
35
22
23
19
13
30
41
18
20
17
12
19
35
23
14
92
90
21
29
16
28
22
55
65
13
42
29
21
28
17
21
39
32
23
5
13
28
37
32
30
4
13
34
35
24
25
5
19
37
36
30
18
28
12
27
44
37
36
29
3
17
52
32
28
31
13
5
56
30
26
25
6
12
50
40
32
22
11
6
45
48
34
36
8
9
60
35
19
33
5
3
15
58
43
35
23
18
30
61
42
29
27
35
44
54
51
24
15
102
108
39
71
36
29
86
89
45
66
20
16
7
12
68
41
32
25
25
4
9
76
36
18
21
16
10
69
44
19
17
7
8
67
47
32
16
16
6
79
35
23
22
8
24
94
23
16
16
13
6
81
36
17
17
16
12
33
91
29
15
14
4
21
88
31
16
15
28
8
75
40
15
15
10
11
84
33
18
12
3
21
90
28
25
14
37
18
71
44
38
20
18
4
19
74
41
23
18
98
90
51
66
25
22
18
6
69
39
23
24
8
3
69
35
24
26
4
5
62
38
24
16
7
6
62
58
34
34
29
17
20
48
40
28
41
12
17
46
38
17
32
6
12
44
37
25
27
14
26
37
39
30
36
7
17
33
37
21
25
13
28
36
16
42
28
24
14
8
16
35
31
34
17
6
13
32
20
31
24
6
16
22
22
21
4
24
18
27
31
33
24
5
15
20
18
28
22
85
71
18
28
23
17
85
73
14
28
29
24
21
10
22
18
19
28
27
19
17
32
16
16
11
6
20
35
25
16
16
13
21
43
22
15
21
7
9
38
41
17
18
16
17
37
46
16
21
8
8
38
50
25
17
11
14
48
43
16
14
11
9
42
52
15
12
11
20
59
37
17
10
15
8
21
39
63
20
13
15
29
58
47
23
13
37
19
58
49
27
27
27
10
61
48
14
23
13
33
52
59
20
20
5
20
53
60
63
36
20
49
67
40
75
31
16
71
58
76
45
40
19
38
52
63
54
39
25
15
9
60
57
34
28
19
14
62
56
31
34
4
4
59
52
67
35
33
19
16
70
52
25
12
34
31
88
34
45
16
19
22
86
37
40
27
41
44
77
43
28
10
31
32
91
33
45
17
39
39
52
61
60
13
39
45
50
94
27
12
45
23
24
67
52
19
44
13
7
54
64
21
43
69
58
54
61
23
44
53
39
89
23
27
42
7
58
41
61
41
31
33
54
38
59
36
43
39
49
34
59
29
32
36
64
52
55
24
31
33
52
41
56
19
31
25
42
33
57
17
24
20
14
31
26
58
21
26
9
30
28
57
23
25
36
27
25
53
25
10
29
34
31
49
28
10
8
36
33
46
30
36
33
39
35
44
34
10
35
12
43
40
38
44
38
36
35
32
36
52
16
16
47
45
32
54
40
17
44
42
27
58
41
20
52
52
24
61
41
21
53
55
24
61
68
21
40
49
55
36
59
21
20
51
59
45
57
40
40
35
44
55
43
19
18
36
47
72
48
40
41
30
40
73
48
15
15
30
40
75
75
47
36
40
31
40
76
45
13
40
30
37
73
44
13
13
28
33
73
45
39
13
27
29
72
46
37
15
26
26
72
47
38
39
26
26
30
72
46
40
22
30
31
72
46
38
36
31
34
70
47
23
23
32
36
70
48
34
34
61
37
71
49
26
30
62
64
71
49
24
19
60
39
68
70
49
19
13
39
67
70
49
16
16
42
48
71
49
11
15
42
45
69
52
17
10
46
48
69
53
28
10
50
50
68
54
29
26
11
50
46
65
57
32
23
44
40
65
56
21
25
41
35
63
56
22
21
32
29
60
56
29
22
34
31
55
57
32
24
38
33
52
57
34
30
31
31
30
41
56
33
33
30
30
34
53
33
31
21
23
27
51
33
31
18
22
20
48
32
30
15
21
20
44
31
29
15
19
20
38
33
30
28
18
18
25
26
29
28
19
17
27
21
28
26
33
29
27
16
27
25
29
21
29
13
26
25
30
22
29
12
24
24
32
23
31
33
18
23
21
33
22
35
26
22
21
30
16
40
30
20
19
30
17
40
48
19
17
33
19
49
57
19
17
30
17
62
62
17
17
34
28
26
90
83
15
15
17
8
89
83
14
14
23
14
90
79
14
14
16
6
108
78
16
16
24
14
105
83
19
16
12
7
104
76
20
17
14
18
10
101
74
22
21
22
13
100
72
22
21
34
22
98
73
25
22
38
21
98
65
26
23
40
22
98
50
27
26
41
24
74
49
28
28
28
33
20
78
45
32
31
33
19
79
45
34
33
31
18
78
44
36
35
25
20
79
43
35
34
23
19
80
38
34
33
20
19
80
35
33
32
32
18
17
84
33
31
30
18
18
88
29
29
29
16
18
89
26
28
28
16
18
90
24
27
26
18
20
92
21
26
25
15
21
92
20
20
23
22
14
19
89
19
21
20
13
20
85
19
20
18
11
24
80
19
18
17
8
28
71
21
17
16
18
37
64
18
16
15
13
35
58
55
21
14
15
6
35
49
23
15
15
7
35
47
26
16
18
10
35
46
29
18
16
13
35
44
33
19
16
15
31
41
36
19
17
12
29
26
36
40
19
18
7
23
33
44
20
18
5
21
30
47
22
21
6
19
28
52
22
22
7
17
25
55
23
23
8
15
19
59
24
24
10
11
13
9
64
28
28
12
11
14
66
31
30
13
11
23
67
33
33
14
10
33
70
35
35
14
10
43
71
37
37
25
10
55
69
37
35
34
23
6
81
69
48
32
24
5
93
66
44
31
25
7
89
64
39
29
28
9
85
61
35
40
29
11
81
60
32
37
30
22
76
59
30
29
34
31
28
63
58
29
35
31
38
64
57
32
21
30
46
63
56
20
21
27
38
60
55
21
18
24
46
61
54
21
18
21
50
61
53
53
18
17
24
49
61
52
17
16
28
45
56
55
18
13
33
41
54
57
16
12
36
39
55
58
18
10
40
35
53
58
17
9
42
33
52
52
58
19
9
46
30
51
58
20
8
47
29
49
58
20
7
48
28
48
58
22
10
48
26
47
57
23
9
47
25
46
57
24
12
48
21
20
41
55
27
14
47
18
35
54
27
16
47
18
30
50
30
18
34
17
23
46
37
20
15
12
20
42
44
22
20
7
19
36
51
24
31
35
10
21
27
59
22
37
16
21
23
54
21
40
78
22
19
48
19
44
74
23
19
43
18
48
69
23
22
41
16
54
60
24
27
35
14
12
60
51
28
38
28
10
63
43
29
43
26
8
65
40
30
48
26
7
64
43
33
52
23
7
60
47
43
61
23
10
56
51
53
68
22
22
15
51
58
73
77
18
19
51
60
81
76
16
21
49
67
89
75
15
24
51
70
88
74
13
27
52
73
85
72
12
28
53
76
82
70
67
9
28
54
81
79
68
7
27
57
85
77
67
8
27
58
90
74
64
6
