101
104
116
123
131
110
101
101
114
124
130
109
100
99
114
124
130
109
100
96
113
124
130
108
100
93
112
125
129
107
100
91
111
162
129
107
106
99
85
110
160
130
105
99
82
110
158
130
105
99
79
109
157
131
104
99
77
109
156
131
104
99
75
107
156
131
104
98
72
107
155
131
132
103
99
64
106
153
131
100
102
61
106
152
131
99
103
59
107
149
132
97
104
56
101
147
132
95
103
54
101
147
132
93
104
51
102
147
147
133
91
106
45
112
146
131
88
107
43
110
147
132
86
108
40
110
148
132
85
110
38
111
148
133
84
111
36
111
149
133
82
112
34
112
112
150
134
79
115
31
113
151
137
79
115
29
115
151
138
79
117
27
116
152
138
77
119
25
117
153
139
76
120
23
118
154
139
75
121
21
19
119
155
141
73
124
16
119
156
143
73
125
14
120
157
143
72
126
12
121
157
144
71
127
26
97
136
111
63
135
104
128
69
112
57
140
135
160
153
87
150
27
139
173
172
70
164
47
132
182
186
66
179
57
115
197
200
61
183
67
109
205
208
71
180
73
111
209
206
77
181
70
74
123
221
222
56
190
88
124
225
222
46
192
88
123
226
222
50
191
87
127
227
221
53
191
84
131
225
220
50
191
84
132
222
232
50
191
191
85
132
214
244
51
190
82
150
210
248
51
190
83
179
209
250
50
190
84
192
217
255
51
191
92
201
216
255
55
192
94
205
219
251
69
80
192
85
191
220
247
87
191
92
193
220
245
92
193
108
189
222
239
93
192
117
180
222
236
94
193
134
186
221
235
96
193
107
190
221
232
230
100
193
98
189
218
227
102
192
103
185
217
225
102
192
108
183
217
223
102
192
112
182
217
222
103
191
119
182
218
221
107
191
154
183
219
222
214
115
191
155
184
223
203
117
189
165
183
224
184
116
189
154
182
224
165
114
188
153
189
225
148
115
188
151
191
228
136
110
187
148
191
191
226
128
107
183
145
191
221
121
111
179
143
191
219
119
114
173
140
191
218
123
116
168
142
190
216
121
116
165
142
187
215
120
117
163
142
138
194
205
117
115
157
139
192
201
115
116
152
139
190
193
112
121
149
139
189
191
109
122
144
137
182
187
103
118
141
138
181
183
100
116
134
129
141
180
173
92
111
127
142
178
173
89
109
128
140
176
173
86
108
129
140
176
174
87
107
129
138
175
174
87
107
130
136
173
174
85
106
106
130
133
171
172
79
105
128
131
168
172
76
105
126
130
167
173
78
104
126
129
166
173
78
103
125
128
165
180
76
102
123
126
164
180
69
101
122
124
161
178
65
98
121
122
159
178
62
98
121
122
157
178
60
95
120
122
156
178
57
95
120
121
155
177
55
94
120
121
153
177
55
93
119
120
152
177
53
92
118
119
150
177
46
91
117
118
149
177
46
91
116
118
148
177
44
90
116
117
147
177
41
89
115
116
148
178
39
88
115
116
148
179
39
88
114
116
145
179
37
87
113
115
146
182
32
86
112
114
145
183
32
85
111
113
144
185
29
84
111
113
143
124
24
88
111
115
122
135
30
89
110
112
112
159
33
92
110
109
96
165
32
93
109
108
96
165
26
91
108
107
95
162
20
88
106
104
91
161
19
87
105
104
90
163
19
86
105
102
90
161
20
84
104
100
91
160
20
83
103
100
90
159
22
82
103
100
90
158
82
101
98
89
156
18
81
100
98
88
155
15
80
100
98
87
156
13
80
99
96
86
155
14
79
98
94
84
154
18
79
97
93
83
152
22
77
96
93
81
149
29
76
94
93
78
149
38
75
92
93
77
148
42
74
92
94
77
147
45
73
91
95
78
146
49
71
90
95
78
147
52
70
89
97
78
145
56
69
88
97
78
144
59
68
87
97
78
144
60
66
86
96
78
145
60
66
85
97
78
84
61
65
84
96
80
145
61
64
84
96
79
146
62
64
83
97
80
145
62
62
82
96
79
146
62
62
81
97
80
146
62
59
80
100
80
146
61
57
78
100
80
147
61
57
78
100
80
149
61
54
77
99
81
148
61
53
76
100
81
149
61
49
75
102
82
150
60
51
74
104
83
152
60
52
73
107
85
150
59
50
71
107
83
151
59
52
70
109
84
152
58
55
70
111
85
92
58
56
70
113
85
93
57
57
70
113
86
95
57
58
70
114
86
96
60
70
118
84
96
55
62
70
119
85
95
54
64
70
121
85
94
54
67
70
123
85
156
53
65
70
123
85
155
52
66
70
124
86
154
51
65
70
126
85
154
51
65
71
128
86
151
49
63
71
128
87
151
48
62
71
128
87
151
47
59
72
130
87
151
46
56
73
130
87
150
45
54
74
131
87
149
43
51
74
130
87
148
42
50
74
129
86
147
39
48
76
129
86
146
38
50
75
128
85
146
36
49
76
127
84
146
35
49
77
127
85
145
33
52
77
126
85
145
31
56
78
127
86
144
30
57
79
126
88
144
26
58
82
125
89
142
24
58
81
122
85
142
22
58
82
116
84
141
20
55
84
116
85
140
18
55
85
111
80
139
17
50
86
120
84
138
15
45
88
121
77
137
11
33
89
127
72
136
10
30
88
125
70
135
8
22
89
128
67
134
6
18
90
130
64
78
4
22
91
133
63
78
3
28
92
136
59
77
1
42
93
139
55
76
65
96
146
47
74
0
73
97
148
47
78
0
81
97
151
47
77
0
92
98
152
46
76
0
102
99
154
49
76
0
115
100
157
45
75
0
127
101
158
43
74
0
140
104
161
43
73
0
155
106
163
44
72
0
155
109
163
48
72
0
154
112
165
53
71
0
151
116
158
59
70
0
146
119
158
63
69
0
136
120
156
71
69
0
132
123
156
66
64
0
124
125
153
62
64
0
129
126
152
62
63
0
128
128
152
57
62
0
127
129
148
69
61
0
126
130
146
82
60
0
122
131
142
89
59
0
122
132
137
89
57
0
118
131
129
103
56
0
116
127
123
105
56
0
115
126
117
105
55
0
105
124
117
104
56
1
103
122
117
103
56
1
107
120
118
103
56
2
115
118
120
104
57
2
129
114
123
106
57
3
130
106
124
107
57
3
133
104
123
109
58
4
136
102
121
112
58
4
138
100
120
109
59
5
140
100
120
109
58
5
139
98
120
103
57
107
74
119
98
57
7
99
69
116
92
57
7
88
65
115
88
57
8
79
65
113
84
106
8
74
65
113
82
106
9
70
65
113
81
106
9
65
65
113
82
106
10
56
62
116
81
107
11
34
59
115
81
109
12
30
58
116
83
111
12
29
55
116
84
113
13
30
54
116
86
114
14
30
54
114
88
116
15
29
58
113
90
119
15
30
56
110
97
124
17
29
49
108
98
127
18
28
40
105
99
129
18
26
35
105
99
131
19
24
33
104
99
134
20
20
30
103
96
137
21
18
29
101
96
139
22
15
28
100
95
143
24
14
23
95
94
143
25
14
18
89
90
145
26
14
17
88
89
147
27
16
15
87
91
148
28
18
13
87
92
150
29
20
11
86
93
152
30
22
9
85
94
155
32
26
7
84
91
157
33
30
7
85
91
158
34
33
6
85
89
160
35
33
6
84
88
161
37
34
6
83
86
162
38
32
6
83
86
163
39
32
6
83
87
165
32
10
84
87
167
43
32
12
83
83
167
44
32
11
83
82
167
45
32
11
83
82
166
45
32
10
87
82
164
44
31
10
90
81
165
44
33
10
92
81
165
43
33
8
93
81
162
42
32
8
92
79
160
42
31
8
91
78
159
42
31
7
90
78
157
41
30
7
89
78
156
41
31
7
88
77
154
41
31
7
86
77
152
36
32
32
9
83
76
144
32
31
12
81
75
141
31
31
14
79
74
139
30
31
17
77
74
137
28
31
22
75
76
136
27
31
44
72
77
133
26
25
31
23
67
79
128
24
32
16
67
80
125
23
31
14
68
81
122
21
31
13
70
82
118
20
31
12
73
84
115
18
30
11
73
85
112
108
14
30
10
71
86
104
13
29
9
68
85
101
11
29
9
67
86
54
10
28
8
68
86
46
11
28
8
69
85
40
12
28
8
75
83
82
34
17
28
9
81
81
33
19
28
10
82
79
35
21
27
11
85
78
36
23
27
11
87
77
38
24
27
11
88
76
39
24
27
10
88
87
73
42
24
27
10
87
73
44
24
27
10
87
72
46
24
27
9
88
71
48
24
27
9
88
70
50
25
26
9
89
69
52
26
25
9
8
90
68
53
27
24
7
89
66
56
28
78
8
90
66
59
28
79
8
92
65
62
29
79
8
92
64
64
30
79
8
94
64
67
31
79
80
7
96
63
71
33
80
7
98
63
73
34
80
7
99
63
75
34
80
7
100
63
76
35
80
7
101
62
76
36
80
5
99
62
76
37
38
80
5
99
61
76
39
80
4
97
61
76
40
80
4
98
61
76
41
80
3
99
62
76
41
81
3
101
61
76
42
81
2
101
62
74
74
44
81
3
102
63
71
45
80
2
98
62
71
46
80
2
99
63
71
46
81
2
100
47
70
48
81
2
102
47
69
49
81
1
104
46
47
69
52
82
1
108
50
68
52
83
2
116
51
67
52
84
2
114
54
65
53
84
2
113
55
64
54
84
2
112
57
63
55
84
2
111
110
60
56
57
84
4
109
60
57
57
85
3
108
61
53
58
85
5
107
61
53
59
86
4
107
62
52
60
86
5
108
62
50
62
85
6
7
109
63
46
65
85
9
110
61
46
66
85
10
110
61
46
68
86
11
111
61
46
70
86
12
112
62
44
71
86
13
113
66
42
73
85
30
17
119
75
36
76
28
18
122
77
37
77
28
19
125
80
37
78
27
20
127
82
37
80
28
21
129
84
38
81
28
22
132
85
38
81
81
28
24
134
84
40
79
30
25
135
84
42
78
31
25
135
83
44
77
32
26
134
83
45
76
33
26
134
83
47
75
35
27
134
83
50
52
71
90
28
135
80
57
71
35
28
135
81
61
69
36
29
136
80
64
68
37
30
135
80
68
66
38
30
136
81
70
64
38
31
136
82
84
74
65
39
32
136
88
74
66
40
33
135
93
73
67
40
33
136
96
72
65
40
34
136
97
70
62
39
35
135
98
68
60
39
35
135
136
100
60
54
38
35
133
99
59
52
37
36
134
101
56
49
36
36
134
102
53
47
35
37
135
105
50
44
35
38
134
106
48
43
34
38
39
139
106
46
42
34
40
145
109
43
41
33
39
147
108
42
41
32
39
147
107
40
41
31
39
148
105
37
42
30
39
147
103
34
43
30
29
40
145
100
29
47
29
38
140
94
30
50
28
39
135
91
30
52
27
39
132
89
30
53
25
40
128
87
29
55
24
42
126
84
28
56
58
24
45
123
80
26
59
24
47
121
79
26
61
25
49
120
77
26
62
25
49
118
75
26
63
26
50
117
75
26
64
27
52
119
78
26
27
67
29
55
119
78
30
69
29
55
117
74
29
70
29
56
116
75
29
70
29
58
118
76
28
70
29
60
120
77
28
71
29
61
122
79
80
28
72
30
64
126
81
28
73
30
65
128
82
28
73
30
67
129
83
28
74
30
68
131
84
26
74
30
72
136
120
26
75
29
74
137
139
123
29
77
29
77
139
123
29
75
29
78
141
122
29
75
28
80
144
122
28
74
27
82
146
121
28
71
27
84
147
120
27
67
27
87
88
147
118
29
64
28
89
147
117
28
59
28
91
146
116
28
56
27
93
147
116
28
53
27
94
147
114
28
50
27
96
147
114
28
47
27
27
100
147
113
27
40
28
101
144
111
27
38
28
102
142
110
26
35
29
103
139
109
26
32
29
104
136
108
26
29
30
105
132
107
26
26
24
31
108
122
102
27
24
32
109
116
101
26
22
33
110
109
97
24
22
32
111
103
93
24
22
32
112
97
91
23
23
32
114
88
88
23
24
39
31
119
89
38
26
45
29
120
86
47
26
50
28
122
79
47
28
56
27
122
72
52
28
62
27
121
66
56
30
67
26
120
62
59
62
34
74
25
146
61
64
36
76
25
144
63
67
39
77
24
143
64
67
41
78
24
143
64
67
44
79
23
142
66
68
46
79
22
141
68
70
67
49
81
21
145
71
68
51
81
22
145
72
68
52
80
23
145
73
68
52
78
25
144
73
67
53
76
26
144
74
67
54
74
27
143
143
75
65
54
70
28
142
74
64
53
65
29
141
74
62
54
62
30
140
75
60
55
59
32
139
75
60
56
55
35
138
76
60
57
51
38
42
136
75
57
59
21
46
136
75
56
60
20
46
135
74
56
62
21
49
134
74
56
63
23
51
133
74
56
64
24
53
131
75
55
65
25
25
61
126
75
55
71
23
64
123
77
57
72
24
67
119
77
57
73
25
69
116
76
58
74
26
70
112
76
58
76
27
72
109
75
59
77
78
29
74
100
73
59
78
33
74
98
70
59
80
33
75
94
69
60
81
34
76
88
67
60
83
34
78
83
65
60
84
33
79
82
65
60
59
87
31
81
77
64
58
90
33
83
75
65
60
94
30
84
73
64
61
96
30
86
67
61
61
99
30
86
64
59
60
102
30
87
60
57
51
59
106
30
87
50
44
57
107
31
86
49
43
56
109
31
84
44
40
55
112
32
83
43
39
55
113
32
81
39
36
55
114
32
80
39
35
34
53
118
32
76
37
37
53
119
32
73
34
35
51
121
32
71
35
35
51
122
31
68
33
35
49
123
31
66
34
34
48
124
31
63
60
25
25
45
124
32
57
8
18
44
126
34
54
8
23
42
127
35
51
10
26
39
128
35
48
12
28
37
128
35
44
16
30
35
