209
65
88
134
222
179
212
66
89
184
225
183
216
66
89
186
229
184
220
68
92
188
232
186
225
75
94
188
236
191
229
78
100
194
241
196
233
82
108
197
245
203
239
84
123
201
256
212
252
85
119
196
259
196
252
83
110
186
261
181
256
82
118
124
266
177
261
87
126
120
273
172
263
90
123
111
275
171
266
92
124
108
277
173
269
94
124
108
278
177
274
98
126
106
101
123
103
279
175
277
103
124
102
278
177
277
105
123
101
276
182
279
107
123
99
277
183
280
109
124
98
275
183
279
107
122
96
275
187
280
108
124
95
272
190
279
108
125
94
271
193
279
107
126
93
204
270
109
128
94
271
209
262
110
128
94
269
217
279
111
128
93
273
223
283
111
128
93
271
221
282
112
127
93
271
220
281
111
127
94
271
217
282
112
127
95
271
210
281
111
126
95
270
199
283
112
126
96
269
196
278
111
125
95
269
191
276
111
125
95
269
188
273
110
127
95
267
186
270
109
128
96
268
181
267
109
129
96
267
178
265
108
132
97
265
172
255
108
133
97
259
173
256
108
135
98
257
176
251
107
136
98
255
176
249
106
137
99
252
180
248
106
137
98
251
176
242
106
139
99
249
179
241
106
139
100
244
177
238
105
141
101
243
178
233
104
142
103
242
174
223
103
143
105
244
173
220
103
139
107
240
146
227
103
137
107
234
144
226
104
136
109
232
141
229
105
103
137
112
228
147
230
104
140
118
225
139
230
102
137
117
222
149
230
104
135
122
222
146
227
103
133
122
221
144
227
103
135
123
221
145
223
222
102
132
127
218
147
222
102
134
125
215
149
214
100
132
112
218
149
225
99
135
111
213
147
209
96
131
110
211
134
223
95
127
109
210
128
223
97
160
107
207
93
228
93
159
111
209
88
229
92
160
112
210
87
232
92
162
114
213
87
236
93
164
113
213
88
239
93
165
114
213
88
241
93
168
115
213
88
242
146
170
118
218
89
250
146
182
120
222
90
253
147
186
121
225
91
256
148
192
124
230
92
260
149
195
128
230
92
262
150
200
131
235
93
265
150
205
132
240
93
267
150
208
210
135
244
93
269
153
212
189
246
95
270
154
215
197
235
97
272
155
217
199
237
100
274
157
222
204
237
104
277
158
223
202
241
105
280
161
236
109
284
165
227
201
237
113
287
166
222
207
227
110
290
165
228
226
203
110
293
114
231
224
181
115
290
118
229
221
108
114
288
117
228
220
109
112
286
118
230
217
106
113
284
117
232
215
108
113
280
118
225
214
112
276
119
232
210
92
113
274
120
230
208
90
116
271
120
235
206
89
118
267
120
236
204
79
125
266
128
240
202
65
133
263
117
244
201
51
134
260
115
245
198
55
128
236
114
247
195
59
133
233
114
248
193
138
232
116
253
190
61
142
230
117
255
191
62
144
229
117
256
186
62
149
222
117
257
184
62
150
218
117
259
182
64
153
210
117
259
181
65
154
204
117
259
179
65
157
192
117
260
259
180
67
158
188
116
260
178
68
158
195
114
261
181
70
160
205
112
266
186
124
159
216
112
269
199
124
158
203
168
269
204
124
161
192
110
274
206
130
173
159
201
110
280
208
132
186
187
112
282
212
132
185
168
169
282
215
131
183
145
168
281
218
131
182
134
169
280
223
138
182
99
172
278
227
150
183
89
115
276
228
153
184
93
179
272
230
159
188
89
179
271
230
161
188
83
178
269
231
165
189
89
179
267
230
171
189
101
177
265
232
174
193
109
178
263
235
176
199
111
180
263
236
238
180
232
109
181
258
239
181
233
105
183
251
207
182
234
102
185
245
207
183
236
98
185
240
209
186
236
99
185
232
210
186
240
96
186
226
218
208
147
246
98
185
202
207
146
247
100
186
188
205
146
248
102
185
175
203
145
248
101
186
160
203
148
247
100
187
135
200
187
245
95
186
186
86
228
191
244
85
186
86
224
194
224
144
186
87
223
201
221
144
186
85
221
207
219
142
184
84
221
168
216
139
184
77
220
167
212
136
134
187
57
221
162
205
133
187
55
222
162
202
133
187
52
200
159
197
134
188
49
205
158
195
135
189
46
211
158
191
76
190
43
218
156
188
77
147
45
248
153
184
81
151
46
251
153
180
85
152
48
251
151
174
86
157
49
254
146
163
88
160
52
253
147
158
89
160
52
251
147
163
90
200
53
250
148
169
90
199
55
248
151
186
92
200
116
248
191
192
94
201
116
246
190
198
94
201
115
248
190
202
94
203
117
246
189
205
94
212
118
232
187
210
94
221
120
215
196
186
215
95
235
119
172
190
218
95
235
119
102
190
220
92
238
119
100
189
241
147
240
119
97
188
244
146
242
121
89
191
244
147
241
122
87
190
242
147
244
124
106
188
241
145
244
125
130
151
240
144
233
130
141
163
239
146
230
138
130
158
238
147
230
144
130
155
236
149
228
150
132
148
234
150
227
153
72
141
232
95
223
106
69
146
241
95
191
101
124
152
237
97
191
94
125
149
240
98
191
92
127
146
243
101
190
89
130
144
245
104
191
87
147
179
240
147
192
86
158
178
239
146
190
86
169
173
233
144
192
86
173
171
230
143
189
86
173
169
237
144
192
86
174
168
235
144
190
86
174
168
232
144
194
86
170
168
232
146
194
86
162
169
233
148
193
85
132
173
233
168
196
86
127
176
233
121
223
86
123
180
233
122
225
85
120
138
234
122
225
85
118
138
235
122
227
85
118
139
236
122
226
85
118
141
237
120
228
85
57
118
232
84
56
146
241
120
234
85
59
141
242
123
210
84
118
142
227
124
208
84
116
140
226
125
207
83
117
141
227
128
207
83
58
147
229
131
204
84
119
142
226
182
200
144
143
119
182
222
183
193
142
120
181
219
136
191
142
120
181
217
136
216
141
120
180
234
135
212
141
121
179
232
134
209
140
121
179
229
135
207
206
139
123
177
225
136
176
139
124
176
223
136
174
138
124
175
220
137
171
137
126
173
218
182
170
136
127
176
216
182
168
136
127
181
214
181
182
166
135
132
183
207
183
167
135
135
186
202
140
169
134
80
188
199
139
172
133
81
187
204
139
172
133
80
185
207
139
171
132
78
185
211
216
180
168
132
74
185
219
181
168
133
74
185
222
183
170
133
74
185
226
185
172
135
73
186
229
186
173
136
74
187
232
188
173
137
72
189
235
189
176
145
71
184
239
186
178
147
70
184
241
185
172
150
70
186
243
182
168
152
71
189
245
180
163
155
71
192
244
178
160
159
71
194
243
176
157
163
71
191
242
178
124
170
71
186
239
198
116
173
70
183
237
198
118
176
132
185
241
198
122
176
132
188
245
201
128
177
131
188
248
204
134
178
131
189
252
205
157
181
130
190
255
192
168
184
130
188
261
193
188
190
129
147
265
197
197
192
129
146
265
199
207
188
129
147
264
203
217
195
128
146
263
206
216
189
127
146
245
208
214
182
127
149
249
209
210
184
124
141
251
209
194
197
123
133
254
210
190
200
122
123
256
210
184
201
121
118
257
209
176
202
120
112
259
209
171
203
60
108
257
210
165
204
59
105
255
211
134
204
57
93
268
214
138
203
53
88
267
216
138
159
51
85
265
214
140
157
50
80
263
211
181
155
50
76
261
211
179
153
48
73
258
214
178
151
47
69
255
217
175
149
45
64
217
169
146
44
56
232
217
164
144
44
53
233
215
160
143
44
48
235
214
160
140
44
40
229
219
156
139
45
38
226
245
156
139
47
37
222
249
157
138
185
47
37
213
249
110
183
49
36
209
250
113
181
51
34
201
250
118
180
54
33
203
251
163
178
55
34
207
250
163
176
56
34
214
251
162
161
174
56
34
226
251
163
171
60
37
231
251
164
174
62
40
238
252
165
177
66
48
245
252
168
180
55
117
251
252
175
184
61
123
258
258
172
188
76
56
257
238
169
197
78
87
255
256
172
203
81
86
250
256
174
211
75
81
241
257
177
214
94
77
227
258
180
217
99
74
219
260
174
219
89
66
224
264
171
223
95
52
217
266
173
225
99
49
206
268
174
226
101
51
196
265
183
228
102
48
187
262
198
230
93
42
176
256
201
231
95
36
120
251
204
25
67
105
256
209
234
25
73
98
257
213
235
41
76
98
254
216
209
42
82
139
250
218
215
42
91
78
244
218
223
43
89
104
237
218
228
39
65
114
230
219
219
233
41
100
114
226
220
232
23
105
104
230
220
230
52
112
108
233
221
228
52
112
66
235
222
228
53
116
42
237
222
229
61
107
50
238
222
229
41
48
112
27
236
221
228
53
111
27
231
182
229
62
114
29
228
177
229
68
115
31
226
171
229
72
116
50
226
167
229
78
117
50
227
160
229
227
116
120
22
224
156
223
92
121
24
220
157
220
125
122
35
217
157
217
127
122
43
214
164
215
129
119
55
213
169
213
100
119
55
209
172
173
207
130
117
55
201
179
203
132
116
68
191
179
200
102
117
71
193
181
198
133
116
63
190
178
195
134
115
66
186
177
189
106
117
73
181
173
174
178
106
116
76
162
172
170
138
114
55
148
173
159
140
116
67
154
173
151
153
116
88
144
174
149
151
118
58
151
175
146
107
91
50
84
163
174
142
102
119
55
169
175
142
133
118
84
171
175
136
142
119
23
158
159
132
127
118
34
158
149
131
126
121
70
140
143
137
123
95
101
117
95
137
138
119
101
89
101
137
141
108
94
118
101
135
135
106
97
118
105
132
130
109
95
119
107
132
127
124
86
98
110
130
124
124
111
84
121
114
140
107
113
85
121
115
128
95
105
87
114
117
138
93
113
82
125
120
140
93
113
85
123
122
141
94
112
83
117
123
143
96
100
101
85
115
128
146
104
113
87
122
128
145
111
110
86
122
130
146
94
105
88
132
130
146
92
104
90
133
130
146
91
99
92
142
133
147
148
92
99
91
130
134
150
96
100
92
140
137
153
100
102
93
144
139
155
103
104
95
146
141
156
106
106
96
141
140
157
108
108
97
137
136
133
157
109
110
100
132
135
157
108
115
101
123
135
159
105
136
103
113
135
161
102
136
105
113
136
166
99
136
107
112
137
167
97
137
110
113
115
140
169
98
137
114
120
140
166
97
116
116
134
139
166
99
116
117
139
140
167
99
114
117
144
139
168
98
113
117
142
140
169
97
115
117
116
137
140
169
94
116
115
134
139
167
93
118
115
132
138
164
108
131
115
121
138
161
107
135
114
114
139
158
107
135
113
112
140
155
103
134
130
112
109
141
146
96
126
111
106
141
144
94
126
112
101
142
141
89
126
112
98
145
138
88
127
112
92
143
134
85
129
112
87
138
130
82
128
110
86
153
126
77
127
110
85
161
126
77
127
109
86
168
127
78
126
108
87
174
128
80
126
109
88
188
130
83
125
110
88
187
132
86
124
112
87
185
135
91
97
123
119
86
181
142
101
122
121
89
177
147
110
121
125
88
175
152
116
119
129
88
174
157
126
118
130
89
173
157
131
117
131
90
173
156
136
116
132
92
171
150
144
113
133
93
169
148
165
111
133
94
169
145
159
110
133
95
170
142
155
108
132
96
169
139
150
106
133
97
169
137
146
104
134
98
99
167
132
131
101
134
98
164
131
124
98
135
98
163
130
117
96
136
99
163
124
122
95
137
100
162
118
118
93
137
101
162
110
119
92
137
138
103
166
100
120
89
137
102
167
99
120
88
137
101
169
99
121
87
137
101
172
98
122
86
138
100
175
98
124
85
138
99
178
95
125
84
83
138
98
179
89
124
78
136
98
172
87
126
73
136
99
170
87
129
70
136
102
167
87
131
70
136
105
164
88
134
70
138
107
161
91
136
138
71
138
110
167
89
141
72
142
112
172
87
143
73
144
112
177
85
145
74
146
113
181
83
148
75
148
114
186
81
152
76
152
116
190
80
78
150
80
157
119
198
75
148
81
156
119
195
71
147
82
157
123
196
67
138
82
156
124
192
66
130
80
157
127
183
66
122
78
159
128
179
67
113
79
159
130
172
67
94
82
163
129
170
66
84
80
165
129
168
64
74
85
167
127
157
62
64
85
161
126
145
60
53
82
155
125
132
58
43
79
149
144
121
110
59
36
74
141
122
100
60
38
75
140
122
93
63
39
76
138
122
84
67
38
76
134
122
74
74
39
78
133
123
65
79
39
80
83
126
121
47
77
40
84
120
117
37
73
42
87
116
114
29
71
43
90
114
113
23
67
46
93
117
113
18
63
51
97
120
112
16
60
56
55
102
125
109
16
57
52
100
121
106
21
61
52
99
118
103
25
64
51
97
116
103
28
66
50
96
114
102
31
68
50
94
112
101
33
70
72
51
90
109
99
38
74
51
88
103
95
36
75
52
86
99
92
37
78
53
85
97
90
38
81
55
82
93
96
31
82
54
80
88
99
22
15
85
52
74
78
106
10
84
52
69
73
107
8
83
48
67
69
108
16
82
45
65
65
110
25
81
43
65
63
107
29
82
44
65
61
107
108
38
83
42
66
60
111
36
83
41
68
55
111
39
85
39
71
57
110
39
88
37
72
61
110
39
89
36
77
63
109
45
93
37
84
64
64
107
61
96
55
63
68
109
62
97
60
61
70
109
66
97
64
60
73
108
69
96
67
62
70
107
63
98
71
64
69
106
57
101
75
66
66
65
105
43
100
80
69
63
103
40
99
81
70
61
101
35
98
79
70
57
99
31
97
78
69
53
97
26
96
78
68
51
96
24
95
80
81
67
52
92
25
92
83
69
54
91
29
91
85
70
58
90
31
90
85
72
59
92
33
90
84
73
59
94
35
90
85
74
61
96
37
90
90
86
77
62
101
42
89
87
79
59
103
47
87
85
78
54
95
52
88
86
79
52
95
52
89
86
79
49
93
51
89
87
79
46
90
51
51
88
88
78
41
85
51
88
89
79
40
83
52
88
90
79
38
81
53
87
90
78
36
79
54
86
91
76
35
77
55
84
90
78
34
74
73
51
80
88
78
37
69
43
78
85
68
42
66
37
76
83
69
33
64
34
73
81
71
25
62
33
69
80
72
22
63
32
65
80
74
20
22
69
37
61
81
78
33
76
42
67
83
80
54
82
43
68
82
84
48
85
47
69
81
89
41
87
52
71
80
89
33
89
57
72
79
88
84
17
87
66
73
74
81
7
78
66
76
71
78
2
73
69
80
69
76
7
68
73
83
68
73
8
65
77
87
66
70
6
62
79
91
65
65
63
7
57
77
86
66
59
29
50
74
