81
107
103
126
108
134
78
104
99
125
105
132
76
101
96
124
102
131
73
97
93
123
99
130
71
95
91
122
97
129
69
92
88
120
94
128
127
64
86
82
117
88
127
62
83
79
117
85
126
60
80
76
116
82
125
57
77
73
115
79
125
55
74
70
114
76
124
53
71
67
113
73
71
123
48
66
61
110
67
122
46
63
58
110
65
122
44
60
55
109
63
121
42
57
52
109
60
120
40
54
49
108
57
120
39
51
46
109
108
52
120
35
46
40
108
52
120
35
43
38
106
47
120
33
40
34
106
44
118
32
38
31
105
41
119
32
35
28
105
39
118
31
33
25
22
104
35
119
31
28
20
104
32
118
32
25
16
106
31
118
32
23
13
103
28
120
34
21
10
105
27
118
34
19
7
105
26
119
35
18
17
2
106
24
119
38
17
2
105
24
120
41
18
4
105
24
122
44
19
6
104
19
125
43
15
3
102
19
125
39
12
2
103
20
126
36
32
7
5
107
23
124
29
7
6
99
23
119
28
6
6
98
22
117
25
4
6
99
21
115
24
5
4
96
19
118
25
6
5
97
19
122
116
25
7
4
92
14
117
24
8
4
97
16
123
23
12
4
91
12
116
25
11
3
95
14
119
28
11
4
103
18
117
27
11
66
111
22
16
122
17
9
5
111
17
118
21
13
4
105
16
118
19
10
4
103
16
111
22
16
3
96
17
111
22
14
65
97
21
104
27
19
3
88
85
20
103
48
20
3
82
22
94
39
25
2
79
23
87
30
25
3
75
26
89
42
30
3
74
32
87
57
33
5
77
40
78
60
36
7
9
90
57
92
70
44
11
99
64
96
76
46
11
102
68
98
83
45
19
110
125
100
87
36
33
119
134
102
90
22
46
127
142
104
88
36
30
40
129
142
113
94
40
31
129
140
116
125
46
25
153
139
123
135
45
25
155
142
129
136
36
34
160
148
134
132
30
39
166
154
135
129
130
36
40
172
159
145
139
31
44
177
161
147
106
35
40
178
162
148
108
40
36
176
158
154
113
45
32
181
158
154
115
28
52
187
174
152
160
120
19
69
200
194
149
93
49
39
202
174
170
125
63
27
204
166
180
138
85
48
206
183
170
121
128
3
204
146
199
194
139
8
192
93
132
207
185
132
16
207
130
206
204
95
79
199
88
214
191
73
63
204
99
200
164
73
67
205
95
200
167
70
67
206
93
197
168
51
10
211
210
98
193
159
54
4
214
97
195
163
89
82
238
165
195
173
45
7
225
108
192
179
94
72
244
156
202
183
44
8
231
109
197
183
44
4
76
255
160
207
186
99
62
256
149
209
196
94
74
259
158
209
192
98
62
249
148
212
200
92
81
258
163
151
94
96
82
211
51
216
203
52
258
147
114
47
33
7
257
141
104
42
25
116
256
133
97
38
23
121
256
131
81
35
22
88
256
127
72
36
11
31
255
124
80
28
11
34
254
80
26
27
29
176
7
80
24
30
25
166
12
44
105
34
21
155
13
44
112
37
18
144
10
79
39
49
18
130
14
87
36
61
78
119
9
49
137
56
71
113
6
53
144
67
76
100
6
51
147
67
69
94
6
30
97
76
70
88
13
29
98
72
76
75
9
156
70
69
70
68
12
29
172
87
64
16
51
15
172
86
80
16
50
15
172
85
126
15
50
13
169
82
122
9
49
13
178
90
115
8
49
11
34
125
120
8
49
11
179
90
125
16
48
9
42
137
130
10
47
9
181
92
135
11
95
154
22
43
7
50
149
157
97
40
7
188
96
161
99
38
7
52
152
164
101
35
6
195
99
164
99
32
5
55
160
162
98
32
3
200
102
160
29
32
2
59
167
158
21
31
1
206
105
157
17
31
2
62
174
155
16
30
3
212
107
154
16
30
5
64
177
152
29
29
4
64
181
151
27
29
3
219
109
150
25
29
3
68
189
150
9
28
2
227
109
149
12
28
2
118
25
148
10
15
25
7
81
15
147
17
24
8
67
19
147
20
23
9
61
23
147
8
22
10
54
27
148
24
21
12
49
30
148
27
20
13
42
34
148
30
19
14
43
38
149
34
18
16
42
42
149
38
17
17
43
46
149
42
16
19
42
50
150
46
15
20
42
54
107
50
14
21
42
58
106
51
13
23
42
62
102
55
12
24
42
66
97
57
11
26
42
70
93
61
10
28
41
74
88
62
9
29
42
78
84
66
7
31
41
82
80
70
78
17
37
40
98
67
79
0
39
40
102
64
83
1
41
40
106
61
85
3
42
40
110
58
86
3
81
39
114
58
91
6
81
39
118
57
93
6
81
38
122
56
94
9
81
38
127
42
64
8
82
38
131
39
65
11
84
37
135
40
69
11
86
37
139
42
70
13
88
37
143
40
70
13
90
36
147
42
71
15
91
36
146
50
72
15
46
35
145
61
68
14
43
34
144
114
48
13
43
33
143
138
52
13
40
33
142
139
54
12
40
32
140
138
56
11
38
31
139
134
58
10
37
30
138
132
60
9
36
29
137
137
63
8
35
28
136
131
65
7
34
26
134
127
67
6
34
25
133
124
69
7
33
24
132
124
71
8
31
22
131
124
74
9
32
21
130
126
76
11
31
20
129
128
77
13
30
18
128
132
79
15
29
16
127
135
80
17
32
15
125
136
87
18
32
13
124
122
91
20
32
12
123
113
100
118
35
61
7
120
112
118
37
39
7
119
115
117
42
40
7
118
121
125
44
41
7
117
124
130
46
42
7
117
128
131
52
43
7
116
132
134
54
45
8
115
137
137
56
46
8
115
138
136
62
48
8
114
144
141
64
50
8
114
153
148
67
51
8
113
135
151
69
97
7
113
158
131
71
100
7
112
156
162
78
103
7
112
157
164
80
106
7
111
159
167
83
109
7
111
163
127
86
111
7
111
159
167
88
114
7
110
160
164
175
99
126
6
110
174
108
102
129
6
149
168
171
105
80
6
149
178
104
105
82
5
149
180
101
103
84
5
109
172
157
102
86
5
108
184
94
100
88
5
107
177
150
99
84
4
107
189
88
97
81
4
106
192
83
95
77
4
105
184
142
94
74
3
104
198
74
92
70
3
103
190
136
90
66
3
102
204
68
88
62
2
101
208
67
87
59
2
100
211
59
85
54
2
99
214
54
83
50
1
98
208
117
33
75
33
0
92
200
30
73
28
0
90
199
36
72
24
0
87
197
29
70
19
0
83
195
24
68
14
0
80
197
29
66
9
0
77
198
31
64
4
0
74
197
34
62
0
0
70
200
38
60
0
0
67
203
42
58
0
0
63
204
45
56
0
0
60
210
53
54
0
0
56
214
57
52
0
0
53
218
61
50
0
0
50
222
66
48
0
0
47
227
71
46
0
0
44
243
89
44
0
0
40
243
86
43
0
0
37
219
218
137
35
0
0
18
214
148
33
0
0
13
207
139
31
0
0
10
209
164
30
0
0
12
203
153
28
1
0
17
201
157
26
1
0
22
199
164
24
2
0
28
197
180
23
3
0
33
194
178
21
3
0
39
190
176
19
4
0
46
186
177
17
5
0
52
182
177
16
6
0
58
177
176
14
7
0
65
172
161
170
9
11
0
86
150
163
7
12
0
93
143
160
6
14
0
101
133
153
4
15
0
108
98
95
3
17
0
155
62
127
1
19
0
161
24
136
0
20
0
160
16
141
0
22
0
121
18
146
0
24
0
120
20
149
0
26
0
119
24
152
0
28
0
119
29
155
0
30
0
118
25
148
0
32
0
117
64
127
0
34
0
116
22
112
0
36
0
115
32
101
0
39
0
115
50
87
0
41
0
114
67
79
0
43
0
113
76
83
49
0
54
0
110
109
44
0
56
0
110
84
39
0
59
0
109
84
34
0
62
0
109
128
24
0
65
0
108
133
22
0
68
0
108
138
20
0
71
0
108
143
18
0
74
0
107
149
16
0
77
0
107
154
27
0
80
0
107
158
12
0
83
0
107
162
14
0
86
0
106
168
11
0
89
0
106
172
13
0
93
0
106
178
11
0
96
102
0
105
160
16
0
105
0
105
166
16
0
108
0
105
157
16
0
111
0
105
150
16
0
114
0
105
132
13
0
117
0
105
119
14
0
120
0
105
108
14
0
123
0
105
98
15
0
127
0
104
89
12
0
126
0
103
81
12
0
124
0
102
74
13
0
123
0
100
68
13
0
122
0
99
62
11
0
120
0
98
56
11
0
122
0
97
51
12
0
117
0
96
45
13
0
112
0
94
40
14
0
107
0
94
91
28
18
0
91
0
91
25
19
0
89
0
91
26
20
0
86
0
92
24
22
0
85
0
90
22
23
0
84
0
91
22
24
0
83
0
91
22
26
0
84
0
90
23
27
0
85
0
91
24
28
0
88
0
92
27
30
0
91
0
91
30
31
0
94
0
92
33
33
0
99
0
92
37
34
0
104
0
91
40
36
0
109
0
92
44
38
0
95
0
93
48
39
0
93
0
95
51
44
0
95
0
95
55
46
0
95
100
0
101
23
53
0
102
0
104
17
54
0
104
0
106
23
56
0
106
0
106
30
54
0
109
0
106
38
55
0
112
0
106
46
56
0
114
0
108
51
58
0
117
0
107
56
59
0
119
0
105
61
61
0
120
0
104
67
62
0
124
0
103
73
64
0
125
0
101
75
64
0
128
0
100
81
63
0
130
0
99
84
63
0
133
0
98
90
62
0
135
0
96
93
61
0
138
0
95
96
61
0
141
0
94
91
112
58
0
152
0
92
115
57
0
152
0
93
118
56
0
150
0
98
120
55
0
108
0
103
120
54
0
149
0
100
120
54
0
148
0
98
119
53
0
148
0
95
119
52
0
147
0
92
119
51
0
146
0
89
119
50
0
145
0
86
118
49
0
144
0
85
118
48
0
145
0
83
118
48
0
144
0
80
118
46
0
141
0
77
118
45
0
138
1
74
118
44
0
135
2
70
118
42
0
132
2
67
118
41
0
129
3
64
118
39
0
126
4
60
118
37
0
123
5
57
118
35
0
120
6
53
118
34
0
117
7
50
118
32
0
114
9
46
119
30
0
111
54
43
119
28
0
107
52
39
119
27
0
106
53
38
120
25
0
105
55
37
120
23
0
104
58
35
120
21
0
103
61
34
121
20
0
102
19
33
121
18
0
101
20
32
115
16
0
101
21
31
115
14
0
101
22
29
110
11
0
141
22
28
106
9
0
141
23
27
102
7
0
142
24
26
98
6
0
143
25
25
94
8
0
144
26
24
91
10
62
146
27
23
87
13
62
148
28
21
84
17
62
149
30
20
82
20
62
149
31
18
80
23
62
149
32
17
78
27
62
148
34
16
77
31
63
147
35
15
77
34
63
147
37
14
78
38
63
147
146
43
9
91
53
66
145
45
7
96
57
67
146
47
6
101
61
68
124
49
5
107
65
69
122
51
4
112
70
70
121
53
5
119
72
71
120
55
7
126
75
72
120
57
19
132
78
73
121
59
19
140
81
75
121
62
20
147
84
76
123
64
23
132
87
78
124
66
26
125
91
79
127
69
29
124
94
81
103
71
33
121
97
82
105
73
23
119
100
84
105
76
27
118
104
86
106
79
28
117
107
88
108
81
32
115
114
121
96
113
92
38
115
125
98
116
92
42
115
124
100
115
93
44
116
123
103
114
94
45
117
123
105
113
95
46
117
122
107
112
96
48
119
121
110
111
98
49
119
121
113
109
100
51
121
120
115
108
103
53
123
106
108
56
127
119
123
105
111
58
130
118
126
96
114
60
131
118
129
103
115
62
133
117
132
103
115
64
136
117
135
102
114
66
139
117
138
102
113
68
142
116
141
101
113
71
144
116
106
100
114
112
111
77
106
115
117
109
111
80
107
115
121
107
110
82
105
114
125
104
109
85
102
114
129
101
109
87
100
114
132
98
108
90
97
113
136
95
108
92
95
113
136
92
107
90
92
113
135
89
107
89
90
113
135
87
106
90
87
113
135
84
106
90
85
113
134
81
105
91
82
112
134
79
105
92
80
112
133
76
104
95
77
113
132
74
104
97
75
113
132
119
103
100
73
113
131
120
103
101
70
113
131
121
103
104
112
68
115
129
64
102
115
68
115
129
59
101
119
68
116
128
56
101
122
68
116
128
54
101
125
68
117
127
54
101
128
68
118
127
56
101
129
68
119
127
57
101
129
69
119
126
58
101
129
69
120
126
60
101
129
69
121
126
63
101
129
70
122
126
50
101
129
70
123
126
47
101
129
70
124
125
44
101
129
71
125
125
42
101
129
129
73
125
126
36
102
129
73
125
126
33
102
129
74
124
126
33
102
128
75
123
126
30
102
128
75
122
127
30
102
128
76
121
127
28
103
128
77
119
128
27
103
127
78
118
128
25
103
127
78
117
128
25
104
126
79
115
129
24
104
125
80
113
129
22
103
125
81
111
130
130
20
102
124
84
105
129
19
101
123
85
103
128
19
101
122
86
101
128
19
101
121
87
98
127
19
100
120
88
95
126
19
100
119
89
92
125
19
100
118
90
89
124
19
100
116
92
87
123
19
100
115
93
84
123
19
100
113
94
80
122
19
100
111
95
77
121
19
100
108
96
73
121
30
100
107
98
70
120
18
100
104
99
67
119
18
100
101
99
64
119
18
101
99
98
62
118
18
101
96
98
59
118
18
101
92
83
97
46
116
22
103
79
95
42
115
24
103
75
94
36
115
26
103
70
92
31
115
27
102
66
91
26
115
29
102
61
89
22
115
31
102
57
88
17
115
33
102
53
