161
19
172
142
113
102
163
21
172
145
114
103
166
22
172
149
115
104
168
23
174
154
116
108
170
23
175
158
118
110
171
24
177
162
118
113
114
175
25
179
171
121
117
177
25
182
175
122
119
180
26
183
179
122
121
181
26
185
183
124
124
184
27
187
187
123
126
186
27
189
193
125
127
130
191
28
193
202
128
133
194
29
194
206
128
136
198
30
196
212
129
136
200
32
197
217
131
141
205
32
200
222
132
142
208
32
201
228
233
135
147
215
34
205
239
135
149
217
35
209
243
137
151
220
36
212
249
139
154
223
37
214
254
139
156
227
37
217
260
141
158
231
38
219
222
270
145
164
237
39
224
275
146
166
240
39
227
280
147
168
242
40
229
284
149
171
246
41
231
290
149
175
249
41
231
295
149
177
250
43
45
233
303
153
178
254
46
237
306
155
178
257
48
240
309
157
180
256
48
241
313
158
180
257
48
242
316
157
183
258
47
245
318
159
182
259
260
51
247
324
159
183
261
49
248
328
161
184
262
50
249
328
160
181
261
51
251
330
160
185
263
48
250
332
154
188
261
49
251
334
153
186
185
263
48
253
334
155
189
260
51
254
335
158
185
262
49
256
337
157
186
261
49
259
337
160
184
262
48
260
339
158
182
265
49
263
338
159
155
183
269
47
268
337
160
179
270
43
270
337
160
180
270
46
271
337
158
180
269
44
272
336
161
178
268
44
273
335
161
177
267
42
273
333
332
160
177
263
41
273
330
160
175
261
41
273
328
162
175
260
39
275
330
161
174
259
39
274
330
161
175
259
38
276
331
160
173
256
36
275
276
334
160
173
258
37
276
333
164
173
257
35
276
335
165
169
255
34
276
334
163
168
255
34
276
331
164
169
256
34
276
329
162
169
254
34
34
275
325
160
169
250
34
275
322
162
168
249
34
275
318
162
169
246
32
275
315
162
166
239
32
273
314
164
166
242
31
271
314
164
164
244
243
31
271
313
165
163
243
31
273
312
166
160
242
32
273
312
165
161
242
30
274
312
166
160
242
32
274
313
166
160
244
31
274
313
168
160
157
243
30
276
312
170
156
242
30
274
312
170
156
243
30
273
312
170
155
243
30
270
312
170
153
242
29
269
313
171
152
243
54
270
313
171
173
153
244
45
270
312
173
150
244
40
271
312
174
152
245
36
271
313
174
152
244
34
271
312
175
150
243
31
272
312
176
150
244
34
273
312
313
178
149
246
35
272
310
178
147
244
37
271
311
178
147
244
18
270
309
179
146
244
25
268
310
181
144
244
27
268
311
182
146
245
27
269
266
312
181
148
247
29
265
310
181
148
247
20
266
310
183
146
244
22
266
311
183
146
247
21
263
309
182
147
249
22
264
308
183
147
250
30
32
265
306
184
142
250
27
265
305
187
136
247
26
266
303
186
136
247
28
267
302
187
132
246
29
268
301
187
132
247
36
266
300
187
128
245
245
32
268
298
190
123
244
22
269
296
189
121
243
32
271
294
190
119
242
64
270
292
189
115
240
33
271
291
191
116
240
32
273
290
193
112
112
234
69
275
288
193
105
228
72
277
287
196
103
225
30
277
286
199
103
222
37
276
284
201
101
219
36
278
283
201
98
215
70
279
282
194
192
94
215
26
282
273
190
94
215
61
281
271
189
91
212
60
280
268
185
90
211
60
281
266
184
88
211
40
284
258
185
89
212
38
286
256
256
183
81
209
63
288
255
183
80
207
39
286
254
182
79
203
17
285
236
181
77
206
18
287
233
181
73
205
35
287
247
182
70
200
39
288
286
241
184
80
196
35
287
237
185
77
195
48
288
221
191
70
194
47
285
216
189
68
193
44
283
230
193
71
189
42
283
226
194
69
183
44
47
284
208
178
49
180
47
285
208
176
43
173
58
285
220
188
53
169
55
283
216
184
51
169
58
280
214
182
51
163
58
277
210
187
50
162
163
59
278
208
184
39
157
59
279
205
190
41
153
58
279
203
186
40
149
62
280
201
185
42
147
72
280
200
183
43
143
66
277
197
182
43
43
134
65
278
194
179
42
132
65
274
195
181
41
125
73
272
192
183
45
119
74
268
194
184
44
113
64
265
192
186
44
107
70
262
190
191
192
44
105
81
255
185
192
44
105
82
250
181
192
56
104
81
247
178
168
55
103
84
242
179
193
54
103
94
236
175
195
54
100
98
231
172
166
196
54
97
108
219
163
196
55
95
113
209
158
195
54
94
115
202
158
197
54
94
120
193
155
198
53
93
122
189
154
199
53
92
127
187
185
147
199
49
89
135
179
143
198
49
87
138
176
139
192
46
85
136
178
139
186
43
84
131
178
140
186
39
81
130
176
137
192
35
78
128
127
175
138
191
36
72
123
177
136
189
29
67
121
179
137
185
30
62
116
182
136
186
37
51
113
184
136
184
10
42
105
187
138
183
13
30
21
100
192
140
182
8
18
97
192
141
186
13
17
102
193
143
191
13
18
106
193
144
192
21
17
110
194
145
194
23
16
115
197
146
198
14
9
23
106
200
148
210
10
27
109
203
150
211
14
28
105
206
151
215
22
32
116
210
150
216
29
35
106
213
150
220
35
38
104
217
150
223
225
26
43
107
223
149
225
25
46
134
225
148
224
27
45
108
227
148
229
26
47
138
229
149
227
25
48
109
231
149
233
27
50
140
232
152
153
231
24
52
142
235
154
232
24
53
142
237
156
234
24
55
144
238
157
235
23
54
115
239
159
242
24
55
117
240
159
243
25
55
123
241
242
162
248
24
56
147
243
160
247
19
53
133
245
161
252
23
56
139
245
158
255
25
55
144
246
159
256
22
55
150
247
157
246
20
54
155
155
249
156
250
32
53
161
249
154
252
33
51
179
249
150
253
29
49
151
249
149
253
36
49
151
250
146
253
38
46
152
249
143
253
40
46
43
157
250
142
255
43
41
193
249
139
258
45
39
195
248
138
261
37
38
168
251
141
259
48
37
200
251
140
260
43
35
203
252
141
260
47
49
33
168
255
145
261
51
32
172
254
146
260
58
31
179
252
145
273
63
30
177
250
145
274
67
29
161
248
145
272
72
27
174
246
142
271
270
81
25
166
241
142
267
99
25
179
239
138
265
96
23
179
236
136
264
98
22
182
233
132
263
99
21
165
231
133
263
101
21
164
229
133
129
241
102
22
159
223
130
243
101
22
157
221
128
241
103
22
199
218
122
236
102
23
199
216
121
235
101
24
165
214
122
236
103
24
208
213
211
122
242
98
24
209
206
120
242
104
25
209
203
118
241
112
26
208
200
118
242
115
26
208
198
117
242
116
26
176
205
119
244
116
28
173
156
219
123
239
136
25
192
221
121
241
108
25
157
224
121
241
136
25
165
226
120
245
133
25
127
229
121
250
148
29
143
230
117
249
146
27
28
137
232
118
252
145
29
135
232
113
252
152
31
134
234
114
251
154
32
132
235
112
250
157
33
121
233
115
249
164
33
117
232
116
249
125
170
35
105
230
123
253
172
35
112
231
122
264
135
38
111
232
120
262
182
38
113
235
121
263
185
38
113
237
121
267
170
37
117
239
123
269
269
169
39
112
242
124
269
163
40
105
244
124
264
165
41
106
246
122
260
165
42
106
249
120
257
164
43
93
251
121
256
166
44
82
253
124
131
255
172
54
43
256
133
251
175
65
36
254
135
251
177
68
33
251
132
251
180
73
36
248
128
253
185
73
41
245
123
252
188
74
41
242
239
126
252
193
73
39
236
127
251
197
75
36
234
130
250
202
75
34
232
130
250
206
74
31
231
133
249
211
75
30
229
133
249
212
77
31
34
227
124
250
232
79
34
223
123
247
232
80
55
221
118
248
230
74
96
219
107
249
231
58
116
217
107
249
230
54
123
215
106
250
232
52
52
130
220
102
249
234
54
128
221
103
244
233
53
143
221
99
244
242
51
151
218
95
245
253
54
145
217
96
245
257
55
100
221
99
244
254
253
72
93
225
105
241
249
75
71
227
110
240
247
84
58
224
107
239
246
92
40
223
110
239
245
100
34
221
112
238
244
104
36
219
113
238
238
241
102
33
220
114
243
240
104
29
217
116
246
239
105
37
215
110
248
238
104
47
213
104
251
236
102
39
212
107
251
238
106
34
217
109
112
254
238
109
33
212
112
253
234
107
35
212
113
248
234
105
36
212
114
243
233
106
33
217
109
239
234
108
27
222
112
234
233
109
24
220
217
116
244
231
109
30
212
116
244
230
107
35
210
110
246
229
107
36
207
104
248
231
110
32
207
107
243
232
111
33
206
109
238
231
111
33
42
204
103
237
230
110
40
200
97
236
230
112
36
200
100
238
232
114
37
199
102
241
232
113
32
204
106
242
232
114
31
210
108
237
231
114
114
26
218
113
234
230
115
21
221
115
236
226
115
17
224
119
239
223
115
12
226
121
241
221
114
14
224
121
244
220
115
18
222
117
240
221
221
116
21
215
112
227
219
116
18
213
114
231
220
116
20
211
114
235
221
117
18
209
115
237
222
116
15
208
118
232
220
116
16
213
120
234
230
218
116
23
212
108
222
215
117
24
210
103
218
217
119
20
213
106
223
218
119
21
211
108
227
218
118
19
209
111
230
217
118
20
207
112
112
235
218
119
19
221
115
226
214
117
15
220
119
221
212
117
14
219
122
216
212
116
18
220
115
222
212
117
23
220
109
225
211
119
25
205
203
105
222
214
121
20
218
108
221
212
121
21
217
110
216
212
120
20
216
112
220
212
119
20
215
115
223
211
119
18
215
118
226
210
118
21
20
215
114
215
211
120
23
211
106
207
207
121
22
210
108
212
209
121
23
209
109
216
209
121
26
209
103
218
209
122
25
208
108
212
210
130
130
22
205
111
208
207
125
21
202
113
209
204
124
19
210
116
212
204
126
19
217
111
207
205
121
22
222
105
210
205
120
25
225
98
205
204
205
118
17
230
108
205
202
115
17
227
110
210
201
118
15
223
115
213
200
110
12
220
117
216
198
108
14
217
119
209
197
112
14
215
120
204
199
197
105
9
208
125
203
191
103
12
215
119
208
190
103
10
213
121
211
192
101
14
212
113
214
191
102
12
210
117
208
192
106
16
209
111
105
198
192
108
16
213
109
204
193
99
13
210
112
207
194
97
11
208
116
211
192
94
11
207
118
214
191
94
12
205
120
207
190
92
9
204
203
126
205
185
88
7
200
127
205
181
98
9
199
121
208
182
88
11
200
114
202
181
100
14
200
108
196
181
95
11
199
111
192
183
91
10
7
196
118
202
182
101
7
195
120
204
180
86
7
195
122
207
180
85
5
194
123
208
179
100
4
194
126
202
177
83
6
195
120
197
175
88
92
11
195
106
196
176
94
9
193
112
198
177
95
9
192
116
202
177
94
8
191
119
204
177
94
7
191
121
206
177
92
8
199
125
208
174
173
109
5
196
124
193
170
93
5
194
117
187
170
95
6
199
111
192
171
96
5
203
117
195
171
115
7
206
121
198
171
94
9
203
125
201
203
168
91
10
195
129
204
165
90
10
193
126
197
165
94
5
192
118
191
164
98
5
189
111
184
163
124
3
187
119
179
165
126
5
186
124
128
178
165
128
6
183
131
176
162
102
5
183
122
177
161
103
9
182
111
176
170
129
7
181
119
176
168
103
6
186
122
175
173
132
7
192
189
119
175
165
95
3
184
123
173
160
117
8
182
128
172
156
91
15
189
131
170
154
89
6
187
122
172
161
85
8
184
127
171
176
85
5
2
181
124
170
178
81
6
179
126
178
180
79
5
177
129
171
177
105
4
179
122
167
174
78
5
178
113
166
172
76
8
175
120
165
177
77
73
14
171
115
164
169
103
7
169
123
158
166
73
8
176
128
157
172
71
8
172
132
154
169
73
14
172
124
156
174
76
13
168
128
164
171
167
77
12
175
127
148
162
80
15
178
106
146
158
81
16
178
127
143
155
81
19
180
134
141
160
80
19
180
138
150
156
77
19
174
143
154
157
147
76
19
161
154
158
142
77
21
157
159
150
137
83
24
155
153
142
132
87
27
154
144
137
130
88
31
121
136
133
137
96
34
120
125
140
130
148
100
40
101
145
123
141
104
39
97
149
121
136
107
40
107
139
120
132
108
41
112
125
119
128
112
49
110
132
113
149
141
48
109
98
153
128
138
137
35
82
147
129
131
134
41
72
154
132
126
133
45
61
156
124
121
134
52
64
149
116
127
132
74
61
109
110
132
91
63
65
59
89
109
140
85
63
57
97
101
133
87
63
45
100
101
130
84
68
37
99
98
132
82
69
85
90
99
133
83
28
83
74
95
134
80
79
36
31
83
79
73
86
30
22
77
78
71
85
27
23
71
79
70
79
22
36
71
77
71
79
18
43
73
73
70
80
13
48
73
71
70
72
76
25
56
76
64
71
77
25
59
90
82
72
79
35
62
91
65
69
79
50
53
104
64
63
74
83
48
98
58
105
65
87
46
100
55
50
88
92
72
50
102
48
82
81
71
50
99
51
83
33
66
47
97
54
80
29
65
47
93
57
80
34
70
47
89
62
84
56
62
43
87
86
64
88
98
59
39
100
75
95
97
66
44
102
85
91
32
74
45
101
93
92
26
86
47
97
101
92
27
93
51
96
106
94
37
95
57
60
36
119
96
47
98
67
41
126
99
52
99
71
45
128
100
56
111
74
53
135
62
59
121
76
59
143
65
65
130
78
104
151
71
73
102
94
83
107
134
73
82
85
90
120
135
77
81
79
93
134
138
79
81
70
93
147
139
82
82
69
96
151
141
88
71
63
97
161
145
130
62
44
67
99
177
155
139
41
72
101
187
158
144
41
67
102
198
164
151
44
67
97
201
166
158
43
75
91
199
166
159
43
84
86
198
165
159
157
44
106
69
198
158
120
46
118
65
198
155
117
42
131
61
199
152
156
35
151
49
201
149
147
41
163
41
196
149
138
56
171
31
191
148
