49
51
117
132
67
48
53
49
119
134
71
51
56
49
121
136
74
53
59
48
124
139
77
56
61
48
126
141
80
58
64
48
129
144
83
61
63
70
49
137
149
91
65
75
49
141
148
94
68
77
50
144
150
97
71
80
52
147
153
100
74
83
53
150
155
103
77
86
54
153
161
106
110
84
92
58
160
161
113
88
97
59
163
164
116
91
101
61
166
166
119
95
104
62
167
176
122
99
105
64
170
179
125
102
108
66
172
183
186
131
108
113
72
178
189
136
112
117
74
180
192
139
115
119
32
132
145
120
139
130
32
146
145
117
142
136
24
137
127
129
158
157
23
135
144
140
145
162
161
65
184
185
129
120
143
80
201
205
147
102
144
62
184
186
124
109
142
59
182
179
126
123
145
52
172
181
130
105
145
29
25
118
157
173
167
186
25
109
155
183
173
190
24
112
157
182
173
191
21
115
159
180
172
191
20
120
162
176
167
189
21
129
166
169
158
186
199
27
149
177
180
163
185
43
177
187
159
149
168
80
217
230
151
117
138
24
179
181
207
166
216
19
175
152
168
170
194
75
179
161
133
170
179
184
44
180
149
153
191
195
47
180
141
227
201
223
23
180
142
224
198
219
16
182
149
220
197
217
12
185
159
203
196
212
20
190
185
193
201
182
192
74
209
226
188
166
193
38
198
200
201
184
227
29
169
195
209
192
234
34
171
195
213
196
239
44
179
196
215
200
242
48
190
198
199
218
204
241
64
200
201
219
206
243
78
205
205
217
205
231
80
211
205
220
204
228
35
224
205
250
206
236
42
239
210
235
207
237
51
237
243
221
239
210
240
65
248
225
237
210
241
69
257
231
230
209
238
71
226
257
241
212
242
71
220
256
246
213
242
73
220
256
249
213
244
77
80
221
261
252
215
246
80
221
264
250
208
246
78
221
267
246
202
246
76
222
268
240
193
246
69
221
268
208
192
252
73
224
270
198
173
241
235
84
227
271
180
147
240
90
228
271
172
145
231
95
231
272
163
149
224
103
235
273
153
152
214
125
238
240
161
171
229
105
190
196
76
72
88
99
104
179
182
83
79
80
104
179
182
76
73
70
105
179
182
81
80
82
105
181
184
87
82
85
106
182
185
86
78
84
105
184
187
86
86
78
87
106
188
190
64
61
71
105
189
191
67
63
77
105
191
193
75
69
88
104
192
195
57
50
72
107
194
196
38
44
50
108
198
200
204
57
58
33
112
202
208
55
56
61
125
176
214
61
62
52
113
199
198
57
71
41
119
195
194
71
76
54
121
194
193
69
75
37
121
189
186
185
80
87
55
123
183
184
92
90
69
122
185
186
100
105
81
124
184
186
118
120
132
125
184
186
123
125
127
126
183
186
128
131
127
128
128
184
188
140
141
137
129
185
188
143
144
140
130
186
189
149
149
149
129
186
190
152
151
159
130
187
191
152
151
130
129
189
193
111
128
93
73
155
182
204
110
130
63
146
178
200
145
131
70
0
133
134
101
106
83
0
140
142
143
124
110
0
119
122
125
130
91
0
134
140
120
125
89
0
135
143
124
107
112
0
131
140
96
112
127
0
127
133
63
66
104
0
131
140
113
107
91
0
132
141
101
111
85
0
129
138
118
130
101
0
129
134
110
103
88
0
118
124
127
119
104
0
102
103
97
113
83
0
97
101
98
102
61
0
103
105
133
133
78
0
131
127
143
141
80
0
129
127
141
139
90
0
132
133
136
134
88
0
139
136
129
129
86
133
135
116
123
80
0
139
139
111
122
65
0
140
141
64
69
38
0
139
140
85
96
93
0
138
140
122
131
128
0
139
141
126
134
128
0
138
142
130
136
128
0
137
141
128
132
115
0
132
140
129
132
113
0
133
141
123
128
101
0
130
139
118
123
93
0
126
136
114
113
80
0
126
135
90
92
52
0
119
125
121
123
66
0
116
118
114
120
58
0
119
125
105
116
56
0
142
137
103
109
58
0
138
134
104
107
61
0
139
135
116
113
76
0
137
132
133
145
95
0
135
132
147
159
108
0
139
137
194
164
109
0
138
136
161
162
103
0
138
138
160
163
101
0
138
139
155
165
99
0
138
139
151
160
94
0
137
138
141
155
89
0
136
138
133
147
81
0
134
136
116
117
65
0
132
137
140
130
82
0
129
136
138
128
81
0
127
136
134
126
78
0
121
132
129
121
73
0
122
134
119
114
64
0
123
120
108
103
58
0
128
123
100
95
53
136
125
146
154
87
0
125
135
146
167
142
0
132
125
143
168
86
0
135
127
141
168
83
0
135
129
140
171
81
0
136
132
179
150
81
0
137
136
145
166
81
0
136
135
129
147
69
0
134
135
123
142
63
0
133
133
120
131
55
0
133
133
100
109
40
0
132
130
137
140
91
0
133
131
142
148
91
0
133
132
141
147
88
0
131
131
139
144
85
0
129
130
138
143
84
0
127
130
136
141
83
0
122
131
134
138
82
0
116
125
131
135
81
0
116
127
124
126
81
0
118
119
115
121
82
0
126
117
101
115
39
0
130
120
138
143
54
0
124
130
142
141
50
0
123
123
142
141
46
0
126
129
140
139
44
0
132
127
138
137
42
0
124
130
137
136
44
0
125
132
136
135
44
0
125
133
135
134
43
0
127
131
134
134
45
0
128
131
133
132
43
0
128
131
132
132
47
0
128
129
131
130
49
0
128
128
129
130
50
0
128
127
128
131
52
128
127
131
136
65
0
125
123
94
93
48
0
125
126
118
131
54
0
122
121
123
131
50
0
119
123
124
130
49
0
117
125
124
130
48
0
116
126
123
129
47
0
119
122
119
127
45
0
117
125
117
126
47
0
128
126
117
125
48
0
120
124
117
125
47
0
125
121
117
125
51
0
124
126
117
126
55
0
122
144
115
126
60
0
125
143
89
88
46
0
125
138
133
129
53
0
123
136
137
140
49
0
123
134
138
141
46
0
120
130
137
139
47
0
118
128
137
139
46
0
118
125
136
138
49
0
124
123
137
138
50
0
126
120
138
139
51
0
125
115
137
138
53
0
126
114
138
138
54
0
127
115
137
137
56
0
128
115
132
171
60
0
127
108
102
92
56
0
125
112
145
147
71
0
123
107
148
149
70
0
144
108
147
148
65
0
139
107
148
149
65
0
132
92
148
150
66
0
134
105
149
151
67
0
126
99
150
152
70
0
106
100
151
154
73
112
119
145
182
81
0
108
116
146
119
91
0
100
111
147
180
55
0
90
106
151
148
58
0
87
101
152
150
60
0
84
97
152
151
61
0
79
91
152
151
62
0
74
94
153
152
63
0
69
89
154
152
63
0
68
85
154
153
63
0
63
79
154
152
63
0
57
74
154
150
63
0
57
72
154
147
62
0
59
71
152
185
61
0
68
71
152
187
82
0
38
54
151
188
81
0
41
57
150
149
80
0
40
29
149
148
78
0
36
33
149
148
77
0
40
36
150
149
76
0
40
40
150
149
75
0
43
49
150
150
74
0
52
68
151
149
73
0
62
83
151
150
73
0
68
86
152
182
75
0
77
92
153
179
78
0
84
101
153
175
82
0
99
107
153
169
87
0
117
118
155
114
70
0
162
148
149
150
72
0
119
99
147
149
74
0
88
100
148
149
76
0
85
90
148
150
77
0
88
92
149
150
77
0
95
98
149
151
77
0
101
111
150
151
77
118
153
152
152
77
0
123
156
152
153
76
0
124
160
153
153
77
0
126
166
154
154
78
0
104
136
155
155
78
0
96
138
157
153
78
0
92
90
156
148
76
0
91
87
155
187
99
0
133
86
153
190
97
0
129
84
151
190
97
0
124
81
150
190
96
0
122
79
150
190
95
0
131
85
151
190
95
0
141
96
152
191
94
0
157
108
153
190
93
0
100
148
154
189
92
0
93
147
155
189
92
0
88
147
156
189
92
0
85
147
157
189
92
0
87
147
158
189
92
0
90
149
159
189
94
0
153
151
161
187
98
0
158
156
170
182
103
0
160
159
141
105
97
0
104
108
162
153
91
0
165
115
195
154
93
0
165
120
194
152
96
0
168
123
193
151
97
0
170
125
193
151
98
0
174
131
193
150
97
0
173
130
193
149
96
0
171
129
194
149
96
0
169
129
194
150
95
0
168
129
194
150
95
0
166
128
194
151
95
0
165
128
194
150
95
163
127
154
180
95
0
161
125
149
179
95
0
159
124
146
179
95
0
159
123
144
179
94
0
159
122
176
170
91
0
161
121
197
120
122
0
114
120
150
118
116
0
111
155
127
104
119
0
105
154
119
98
118
0
102
154
113
92
117
0
102
154
107
86
116
0
102
155
102
81
115
0
103
152
97
76
115
0
104
153
92
70
114
0
103
156
83
60
113
0
103
159
80
54
112
0
103
159
77
49
111
0
102
155
75
44
110
0
101
110
74
39
109
0
101
112
73
34
109
0
101
111
72
29
110
0
102
110
73
21
112
0
104
106
77
15
115
0
107
161
60
11
126
0
108
160
35
78
106
0
112
157
29
58
115
0
116
158
35
54
119
0
118
159
43
57
122
0
120
158
49
62
122
0
127
161
60
73
122
0
125
161
66
80
121
0
125
160
71
87
120
0
124
158
77
93
147
0
123
157
81
99
145
0
122
156
86
106
143
0
120
154
90
113
141
119
153
100
129
139
0
115
151
106
140
137
0
115
150
111
147
137
0
114
149
115
152
137
0
112
150
131
102
143
0
110
150
131
108
143
0
108
150
62
53
133
0
106
106
91
98
131
0
153
103
66
90
117
0
155
104
62
90
113
0
156
102
57
91
112
0
95
101
65
97
109
0
154
99
74
104
105
0
94
99
82
111
102
0
94
97
108
134
94
0
97
94
93
123
92
0
97
97
100
130
89
0
97
96
168
159
82
0
151
96
172
201
80
0
151
99
179
206
79
0
151
98
181
211
78
0
151
101
186
220
86
0
152
101
198
222
75
0
152
105
202
224
74
0
153
109
205
225
74
0
153
111
203
226
74
0
154
113
184
225
75
0
156
115
160
225
81
0
158
117
158
183
91
0
160
119
162
183
93
0
157
118
162
181
104
0
156
118
164
182
81
0
154
117
164
173
82
0
153
117
165
166
86
0
151
115
165
164
88
0
150
115
166
163
90
148
113
168
163
95
0
146
110
168
162
97
0
146
108
170
162
100
0
145
107
171
162
102
0
145
106
172
162
107
0
145
103
173
160
111
0
145
101
174
160
115
0
98
146
174
156
121
0
92
145
173
153
123
0
91
145
173
153
125
0
90
145
173
159
128
0
89
145
174
169
124
0
89
146
176
210
123
0
88
148
176
209
121
0
86
149
60
61
16
0
89
148
74
71
10
0
87
87
83
78
0
0
87
86
86
86
0
0
87
88
90
93
0
0
87
90
91
103
2
0
89
90
93
111
3
0
91
90
226
162
39
0
93
92
99
142
3
0
97
150
96
140
2
0
103
149
93
139
1
0
103
150
90
139
1
0
105
149
90
139
0
0
108
151
90
139
0
0
110
152
92
139
1
0
111
151
92
138
4
0
110
149
93
139
5
0
107
147
93
138
7
0
106
145
93
138
8
0
105
144
136
139
10
0
104
143
135
141
11
0
102
142
135
142
13
0
101
141
136
144
16
0
97
140
137
145
18
0
94
138
136
145
20
0
92
93
136
143
22
0
90
91
137
144
22
0
137
90
138
145
24
0
136
87
139
149
25
0
135
86
139
151
25
135
84
140
154
27
0
135
82
141
158
29
0
135
80
142
160
30
0
136
80
143
162
32
0
138
79
143
161
32
0
139
79
143
163
35
0
138
81
141
162
37
0
139
80
139
161
41
0
77
80
135
157
43
0
77
79
134
156
44
0
138
81
133
154
44
0
138
82
132
153
45
0
139
84
132
151
45
0
141
88
131
150
46
0
140
89
131
148
46
0
140
96
130
145
43
0
141
99
130
144
43
0
142
100
132
142
41
0
144
102
139
136
41
0
145
103
140
136
41
0
143
103
143
136
41
0
142
102
144
131
43
0
137
98
143
128
43
0
135
95
144
128
45
0
134
94
144
127
43
0
134
93
156
132
56
0
133
91
157
132
56
0
132
89
159
133
56
0
131
87
163
136
61
0
82
132
168
140
67
0
78
129
169
139
69
0
77
129
174
143
72
0
76
129
177
145
78
0
74
128
180
145
82
0
73
128
173
139
73
0
72
128
165
132
55
130
87
89
0
0
69
68
82
84
0
0
67
67
78
80
0
0
67
129
77
78
0
0
67
67
75
76
0
0
67
69
73
75
0
0
67
70
71
73
0
0
68
71
70
71
0
0
70
70
68
70
0
0
70
65
67
0
0
75
75
63
66
0
0
76
133
61
63
0
0
78
133
63
63
0
0
84
132
63
64
0
0
85
133
64
65
0
0
88
136
62
65
0
0
90
137
62
67
0
0
92
138
63
67
0
0
90
135
70
0
0
88
131
64
67
0
0
84
127
65
66
0
0
82
126
66
68
0
0
80
125
69
70
0
0
77
124
71
72
0
0
76
123
76
77
0
0
74
75
81
82
0
0
72
74
82
82
0
0
71
71
84
118
69
82
83
0
0
115
64
77
79
0
0
114
63
76
76
0
0
113
62
74
75
0
0
113
60
72
73
0
0
114
59
70
71
0
0
114
59
68
69
0
0
115
59
66
68
0
0
58
59
65
66
59
61
62
0
0
55
57
58
58
0
0
55
57
56
57
0
0
55
58
55
56
0
0
57
59
55
56
0
0
58
60
54
55
0
0
60
61
54
55
0
0
63
64
54
55
0
0
122
67
55
56
0
0
123
55
56
0
0
123
74
53
55
0
0
124
74
52
56
0
0
127
77
52
57
0
0
129
80
54
57
0
0
129
80
57
58
0
0
127
80
60
61
0
0
125
79
62
63
0
0
123
77
68
68
0
0
121
76
73
0
0
115
72
74
75
0
0
114
70
76
76
0
0
112
69
77
77
0
0
110
67
76
76
0
0
64
65
75
75
0
0
62
109
73
73
0
0
60
109
72
72
0
0
59
108
70
71
0
0
57
107
68
54
107
63
64
0
0
52
106
61
61
0
0
51
105
58
59
0
0
49
50
55
56
0
0
49
49
52
53
0
0
49
50
51
51
0
0
49
48
49
50
1
0
49
47
47
48
1
50
48
46
47
2
0
50
48
45
46
3
0
52
49
46
47
3
0
53
52
45
47
3
0
56
53
44
46
5
0
57
55
44
45
5
0
59
59
44
46
6
0
63
