190
81
114
141
97
95
181
79
111
141
94
95
176
77
109
140
93
94
173
75
107
140
90
93
172
73
105
139
88
93
171
70
103
139
86
93
92
171
66
98
137
84
93
171
64
96
136
82
92
171
62
93
135
80
92
172
60
91
133
79
92
173
57
89
132
77
91
173
55
87
131
76
74
91
175
51
82
129
73
91
176
49
80
127
71
90
177
47
78
127
70
90
178
45
75
125
69
89
179
44
73
123
67
89
180
42
71
123
122
65
88
182
37
66
121
65
91
183
35
64
119
64
90
184
33
62
118
63
90
186
31
59
117
62
89
187
30
57
115
61
89
188
28
55
53
113
60
89
191
24
51
112
60
90
192
22
49
110
61
91
193
20
47
109
60
91
194
19
45
108
59
91
195
17
43
107
59
91
196
15
15
44
108
60
87
204
16
45
109
60
84
206
16
47
108
58
79
208
18
48
109
56
76
209
20
49
108
55
71
211
23
49
109
54
66
212
213
24
49
109
54
59
213
27
50
109
53
56
213
27
50
107
53
52
211
26
50
106
52
48
209
23
51
106
52
43
205
21
51
105
52
39
36
186
21
52
105
54
35
164
25
52
104
54
34
142
30
50
104
57
31
110
35
45
90
59
31
87
40
43
86
61
34
73
45
40
82
63
64
42
47
56
36
74
62
46
35
61
35
73
63
49
26
65
34
71
63
52
23
66
36
69
64
56
20
67
30
71
66
55
27
70
24
63
57
69
54
25
73
22
52
71
53
31
76
20
49
73
53
37
76
21
48
74
53
38
78
20
48
76
53
44
79
24
46
78
53
51
80
26
29
44
80
56
59
79
30
43
81
54
59
80
31
43
82
55
63
80
34
43
83
54
66
80
26
46
85
54
67
81
26
46
86
51
66
80
80
22
49
89
49
69
79
19
52
91
46
65
78
15
55
92
45
64
76
17
58
95
40
58
76
16
60
98
36
48
73
29
67
104
42
35
34
74
35
70
107
75
30
75
38
72
108
69
30
76
37
70
108
66
30
78
40
71
109
51
34
82
41
69
109
43
37
84
43
71
110
38
38
35
86
47
69
111
32
40
88
49
70
112
29
41
89
51
70
113
28
44
92
52
67
113
25
49
92
55
70
115
31
49
93
57
69
116
115
34
58
97
58
67
116
33
59
96
61
67
117
37
57
95
63
67
117
36
57
97
63
66
117
36
59
96
66
71
120
36
58
98
67
73
75
123
35
60
105
69
72
123
33
63
108
69
75
124
33
64
110
71
77
126
33
65
112
73
80
128
32
64
114
75
82
129
32
64
116
77
78
84
132
32
67
119
78
83
133
31
69
121
76
83
134
31
72
123
78
84
136
31
73
123
80
86
139
32
73
123
83
88
141
32
74
124
124
87
93
146
35
73
123
87
95
147
34
73
123
87
98
150
34
73
123
87
100
151
35
73
124
87
101
153
37
74
125
87
103
154
36
75
74
125
85
106
157
37
75
125
83
107
158
38
76
126
83
108
159
38
77
127
83
110
160
39
77
127
82
111
161
40
78
128
82
113
162
41
42
79
128
78
115
164
41
79
128
80
116
165
42
80
128
82
118
166
43
80
128
83
119
167
45
80
128
85
121
168
46
81
128
86
123
169
170
49
81
127
87
124
170
48
81
127
89
126
171
48
82
127
90
127
171
49
82
127
90
129
172
51
84
127
92
131
173
51
84
126
93
132
134
174
51
85
125
93
134
174
49
85
125
94
135
175
49
85
125
95
136
175
49
85
126
96
137
176
49
86
126
97
138
177
49
86
126
97
97
139
178
48
88
129
93
136
176
45
89
128
91
136
177
45
88
128
92
138
178
45
88
127
93
139
179
45
88
126
93
141
179
45
88
125
124
95
144
180
45
87
122
94
144
178
43
87
121
95
145
178
43
87
120
95
146
179
44
86
119
96
148
179
44
87
118
97
149
178
44
87
87
115
98
151
177
43
87
113
97
151
175
42
86
111
98
152
174
43
86
110
99
153
173
43
87
108
100
154
172
43
87
106
100
155
171
43
43
87
98
100
156
168
43
84
92
100
156
166
44
81
87
102
157
164
46
79
83
103
159
163
48
76
78
104
160
162
50
104
73
105
162
160
158
56
102
63
105
160
154
57
102
59
106
161
152
60
102
54
107
162
150
63
101
50
108
163
147
66
101
44
110
165
145
70
100
36
112
167
180
137
82
97
12
116
183
131
89
92
3
120
181
127
96
85
3
124
182
125
100
84
8
128
183
123
104
82
10
132
185
123
106
81
11
136
136
187
120
111
84
23
134
184
117
114
85
25
135
186
116
116
86
28
135
186
115
119
88
31
135
186
114
122
90
36
136
185
111
126
93
38
36
136
189
111
128
94
38
134
188
110
128
96
40
134
187
109
130
98
42
134
187
108
132
101
44
134
187
107
134
104
45
135
187
106
135
105
107
102
134
185
103
160
110
103
133
184
103
161
112
104
133
183
102
162
114
104
133
182
102
163
116
105
133
181
101
165
118
105
133
179
101
165
165
119
106
132
174
100
164
120
105
132
170
99
162
120
106
132
165
99
162
120
106
133
161
98
163
121
106
134
156
97
164
122
109
135
149
95
100
166
123
113
134
141
102
165
123
115
135
144
102
167
124
115
136
144
101
167
124
115
137
144
101
167
125
117
138
142
99
167
126
117
139
141
141
100
168
128
117
140
139
101
166
129
120
141
136
99
167
129
120
142
133
98
167
129
59
143
129
98
168
129
59
144
129
97
171
69
58
145
146
127
96
174
70
55
145
123
94
172
69
115
145
120
92
171
69
115
145
118
88
170
69
114
145
118
87
169
70
112
144
115
85
166
69
110
49
146
112
82
165
125
44
144
107
80
161
125
42
145
108
79
161
126
40
146
107
77
161
126
40
147
105
75
161
127
33
147
100
76
158
128
130
25
148
92
73
155
130
25
150
90
69
154
132
22
151
87
69
153
133
23
152
83
69
124
132
26
153
80
69
121
130
28
153
75
70
120
118
124
34
153
66
61
117
116
37
154
61
62
115
113
39
154
58
63
111
108
44
153
56
63
107
50
47
152
51
64
102
44
52
151
49
64
64
96
39
54
148
46
59
92
37
55
147
47
59
90
35
56
145
47
56
87
33
55
144
48
56
84
33
56
145
49
56
82
33
55
145
50
52
56
77
33
49
142
52
52
69
34
48
142
53
52
64
33
46
141
54
52
58
33
44
141
55
51
51
33
42
139
55
51
44
36
40
137
135
54
50
31
40
33
131
54
49
23
41
29
129
54
48
20
43
27
128
54
48
16
44
24
126
54
48
13
45
22
124
54
48
12
46
20
17
119
57
47
13
49
16
120
59
48
15
51
14
117
61
48
17
53
13
117
62
49
19
52
11
116
63
48
22
52
10
116
64
47
24
51
51
7
114
66
45
29
50
7
114
67
43
31
56
11
115
68
43
34
56
13
114
69
43
37
58
14
113
69
42
39
59
17
113
70
42
41
43
63
71
115
74
40
47
65
71
114
74
40
48
66
72
113
76
40
50
67
73
112
77
39
52
68
75
111
81
37
55
70
76
108
84
36
35
58
72
77
106
89
34
60
74
76
102
91
33
61
76
76
97
94
33
62
77
76
97
99
33
64
77
77
105
99
32
64
78
78
107
104
104
30
62
76
77
89
104
31
63
77
78
87
104
31
60
76
79
87
104
32
58
75
81
86
104
32
56
74
84
86
105
34
53
73
89
82
82
106
36
49
70
99
82
108
42
50
72
104
81
110
45
50
71
107
79
111
48
49
70
110
77
112
52
49
70
112
75
115
56
48
70
113
115
71
121
65
48
68
118
69
120
68
47
68
120
65
119
72
47
68
123
60
118
74
46
68
124
54
115
77
46
69
126
47
110
79
46
70
71
125
32
97
81
46
70
125
24
89
81
46
71
125
16
79
82
46
71
124
10
73
82
47
70
123
9
69
82
47
69
123
10
65
82
48
49
69
119
16
63
82
48
68
116
17
58
81
47
66
113
17
55
80
47
66
110
16
52
81
48
67
106
15
49
80
47
67
104
11
46
81
81
47
69
101
12
40
83
47
73
98
10
37
84
46
74
95
8
33
84
47
75
92
7
29
86
46
76
90
6
26
87
45
78
85
4
22
19
88
45
79
80
5
15
89
44
81
77
6
14
89
45
82
74
8
13
89
45
83
73
9
12
90
46
84
72
11
16
90
47
84
70
12
13
32
93
53
84
57
18
42
93
57
81
55
23
51
94
59
81
54
27
56
95
61
81
54
31
58
96
63
81
52
33
60
98
65
80
50
49
35
62
103
69
78
47
40
66
107
100
78
45
40
69
140
101
75
41
43
71
142
100
72
38
46
74
141
101
71
37
46
75
143
102
71
72
35
46
77
147
104
73
36
44
78
149
104
72
35
43
78
151
105
73
35
44
79
151
106
73
37
41
80
152
106
74
37
41
80
153
107
107
75
39
34
90
155
108
75
41
35
90
156
109
76
42
33
89
156
109
75
43
31
89
158
108
74
45
30
88
158
108
75
47
28
87
159
160
107
74
52
22
84
162
105
72
54
20
83
163
104
72
56
19
82
164
104
73
59
16
80
166
103
74
59
16
79
166
103
75
61
15
78
78
168
102
77
66
15
76
169
101
79
68
14
75
170
101
80
70
14
73
170
100
82
72
11
70
170
98
84
73
10
69
171
98
86
74
10
9
66
169
98
89
74
8
65
167
98
91
74
7
64
164
98
91
77
7
66
161
101
92
79
7
67
158
104
93
81
9
68
156
106
94
84
84
15
69
150
109
96
88
17
67
149
108
99
88
19
67
145
108
100
87
23
67
143
108
100
87
26
69
145
108
100
85
29
70
145
110
99
98
81
33
72
143
112
96
82
37
76
144
113
95
81
39
74
143
112
95
80
40
62
143
111
95
80
42
48
142
112
96
80
45
46
144
112
110
95
74
48
42
144
110
97
72
53
39
145
110
97
70
54
36
145
110
98
65
56
34
144
109
99
61
59
31
143
109
99
54
59
31
141
141
107
100
44
64
36
139
108
100
36
67
40
138
107
100
30
69
43
136
107
100
25
71
46
135
106
100
21
73
50
133
106
102
17
74
52
54
130
104
103
12
91
53
130
99
104
9
91
54
130
98
104
8
93
57
131
98
106
7
94
57
130
96
107
8
95
56
130
95
108
9
95
96
56
129
92
110
14
98
57
128
93
110
16
98
57
127
93
111
18
100
56
126
93
111
20
101
56
126
92
112
22
100
57
125
92
113
24
26
99
57
124
91
114
27
99
56
125
90
115
29
99
56
125
90
116
32
99
56
124
89
116
30
102
55
125
86
116
29
105
55
125
84
116
116
32
116
54
122
82
115
34
121
53
121
80
115
37
124
51
118
79
111
40
129
50
116
79
107
43
131
50
114
77
108
45
133
50
113
76
76
108
49
134
47
114
76
108
51
133
50
113
79
109
52
133
48
113
79
109
54
133
47
112
80
108
55
133
46
112
80
107
56
133
44
111
111
82
107
58
136
38
113
82
106
59
136
38
113
82
106
60
136
35
111
81
103
61
136
34
111
82
103
63
136
34
110
82
102
66
138
36
35
113
87
103
69
139
34
113
87
103
70
139
34
112
88
102
72
140
34
111
89
100
74
139
33
110
90
99
76
139
33
109
91
97
78
139
139
32
107
93
94
82
137
32
104
93
91
84
137
32
103
93
88
86
137
37
104
93
86
88
137
40
104
92
83
90
136
39
105
92
80
91
94
136
39
104
90
71
97
137
50
107
93
72
99
136
74
106
93
70
101
136
71
105
93
66
103
135
71
105
94
63
105
135
71
106
93
59
55
106
133
76
101
89
50
108
133
79
99
90
47
108
134
80
96
88
46
108
134
82
96
86
45
109
135
83
96
84
44
109
136
82
95
83
80
42
110
138
82
95
79
42
110
139
81
98
75
40
111
139
75
104
74
40
112
139
79
107
73
40
113
140
76
111
71
40
114
140
72
113
115
68
41
118
141
82
117
70
42
125
141
79
117
69
43
126
143
76
116
67
43
126
145
73
115
66
42
127
146
73
116
65
41
127
147
72
68
117
63
41
128
150
61
117
62
40
126
150
58
116
58
39
125
150
57
116
56
38
125
150
55
115
54
37
125
151
53
114
52
37
124
151
153
50
110
49
38
122
153
50
58
48
38
123
154
50
53
48
38
125
154
51
50
50
37
126
155
53
46
51
35
126
155
52
42
52
34
126
129
157
50
33
58
31
129
155
47
27
59
28
130
153
48
21
63
23
132
151
51
16
67
13
134
149
50
12
70
13
134
148
47
10
72
15
17
135
147
35
6
73
19
138
151
32
4
78
24
138
151
28
2
78
26
139
153
24
1
74
28
138
155
24
2
70
31
135
156
26
4
65
60
38
132
159
28
6
54
43
130
159
30
7
50
45
127
157
30
7
45
47
123
160
34
9
42
61
119
157
39
10
36
71
116
157
47
13
15
40
86
101
149
77
18
37
80
95
147
86
19
57
81
90
144
89
21
68
80
89
141
90
23
71
79
87
137
89
25
99
79
86
134
88
88
30
105
79
83
127
82
28
108
76
80
124
80
30
111
76
77
121
77
31
114
75
75
120
74
33
116
74
72
119
71
35
119
73
69
119
117
63
38
123
66
60
110
61
43
126
64
54
100
58
45
129
60
49
100
55
48
132
57
42
94
54
51
135
54
37
91
52
53
138
51
32
27
89
48
58
138
46
23
88
48
62
138
45
21
87
46
63
137
43
20
85
44
66
136
41
21
82
42
68
134
39
23
79
41
71
133
38
37
38
103
38
75
128
36
47
102
37
75
126
35
57
102
37
76
123
35
66
101
37
77
118
35
72
101
36
79
116
35
79
101
36
79
112
111
36
89
102
38
80
109
36
95
102
38
80
107
37
99
103
39
80
105
38
101
102
40
79
101
39
103
102
41
79
97
41
103
38
43
79
79
86
44
100
29
44
79
80
45
92
25
45
80
71
46
87
21
46
80
64
48
83
19
48
81
59
50
80
17
50
81
55
51
76
16
52
55
83
49
55
68
13
58
83
48
57
64
16
60
83
44
58
62
16
62
83
42
58
59
16
64
84
39
59
57
16
66
83
37
59
54
17
17
71
85
31
60
50
16
73
119
29
60
48
17
76
119
26
61
45
19
81
119
22
63
44
20
83
120
19
64
43
21
82
121
17
66
41
40
22
79
121
13
68
38
23
79
122
9
69
36
24
118
123
5
70
34
25
116
124
2
70
32
28
113
125
2
71
31
89
111
126
4
71
72
29
91
107
128
8
72
27
92
106
127
10
72
27
93
105
127
12
72
27
35
104
127
14
72
27
36
103
127
15
72
26
96
104
126
17
18
74
27
39
105
127
19
74
28
40
105
127
20
74
29
40
105
127
21
74
30
40
104
126
22
74
31
41
103
126
22
75
31
42
102
127
127
24
76
33
44
100
126
24
75
34
46
100
126
24
75
34
46
99
126
24
76
36
46
99
126
25
76
37
47
100
126
26
76
39
47
100
102
129
30
78
40
49
102
130
32
80
40
49
103
130
33
81
39
50
104
130
35
83
38
50
106
130
34
84
37
49
105
130
34
86
36
50
50
103
130
31
88
34
49
101
130
38
88
34
49
101
130
45
89
33
50
101
130
48
91
32
49
101
130
49
93
31
49
101
129
50
94
30
29
51
100
129
48
96
28
51
99
129
47
96
28
52
99
130
44
95
28
53
98
130
44
96
27
54
98
130
42
96
