56
201
172
29
189
198
48
183
54
167
183
166
43
176
154
40
189
188
40
186
49
112
175
193
45
169
161
21
188
160
50
175
131
67
156
194
182
64
191
113
45
186
182
37
180
162
70
154
168
79
129
193
36
182
184
65
191
42
166
156
57
177
77
199
61
193
200
68
192
81
151
98
193
193
26
205
52
77
169
105
183
57
209
26
196
205
24
205
54
71
166
98
188
37
208
17
199
193
22
207
51
161
163
78
192
29
202
14
39
182
62
172
159
200
2
210
167
14
212
21
184
185
85
176
167
202
8
215
148
21
210
58
45
201
25
184
208
134
9
217
44
31
215
195
178
9
219
22
113
209
178
15
220
10
188
215
112
11
223
32
180
218
173
9
226
26
198
220
114
7
227
34
208
211
138
22
233
33
215
223
234
205
20
171
34
212
241
224
53
131
35
133
242
224
185
113
31
126
246
226
222
98
29
133
233
229
236
87
29
140
223
231
243
89
30
135
127
221
230
246
99
35
118
220
230
247
107
30
107
221
227
247
111
220
58
163
224
245
106
219
56
170
223
240
115
225
54
166
218
242
120
225
229
59
175
204
234
127
228
64
215
184
225
132
228
68
217
203
214
128
237
71
212
156
214
132
237
72
207
144
218
170
243
74
117
163
220
201
204
246
77
149
141
217
201
250
83
137
137
214
204
253
83
185
126
213
199
249
88
197
126
210
195
256
91
201
114
207
195
257
86
205
107
206
202
203
250
82
220
102
199
214
237
102
221
93
169
219
234
79
229
103
155
231
216
127
228
88
138
228
214
78
226
110
156
234
188
192
225
81
119
207
215
216
210
218
67
125
196
230
75
221
98
199
218
227
132
222
139
90
196
230
76
224
83
198
224
227
81
226
113
195
218
226
197
220
221
77
190
227
233
76
220
88
142
219
234
77
218
80
188
225
235
75
220
81
130
231
213
75
219
145
210
193
235
75
225
142
70
233
200
84
71
225
127
75
235
193
87
215
79
196
217
196
69
212
183
84
229
189
170
211
62
108
230
183
69
215
186
71
228
179
127
212
69
189
200
173
175
181
210
59
89
226
172
124
206
71
118
222
190
207
82
76
172
213
176
183
120
144
69
206
165
202
119
62
130
214
153
183
172
123
102
194
204
149
186
170
87
115
198
165
200
99
71
136
204
142
180
133
93
116
196
159
197
102
65
126
202
129
176
170
112
115
192
150
191
135
57
94
131
191
147
187
139
50
89
195
128
172
120
106
183
182
143
167
177
51
97
192
120
179
117
106
178
183
117
158
171
96
97
187
117
162
109
115
73
123
182
111
157
128
109
151
180
97
145
120
74
128
177
100
152
102
120
173
177
103
148
129
94
125
178
104
150
134
116
177
174
91
136
132
108
131
169
181
75
117
138
98
130
168
78
137
167
118
134
172
68
108
142
102
134
165
75
128
121
129
169
180
59
100
140
111
139
163
74
138
90
144
114
139
160
63
121
138
129
134
186
40
78
143
117
144
157
54
110
145
133
128
160
32
71
146
119
147
124
49
109
152
134
127
160
23
37
117
153
138
124
161
13
86
148
126
152
122
29
109
153
146
112
157
13
76
153
131
148
133
19
103
154
143
102
156
151
100
133
140
121
141
96
172
142
143
123
106
131
165
118
140
130
90
115
165
92
138
104
133
109
167
79
118
98
139
111
164
78
114
101
133
106
174
88
78
95
129
121
90
171
75
68
112
114
82
159
78
58
110
109
81
175
74
54
108
102
74
176
75
48
105
96
68
167
73
41
100
89
65
160
79
33
95
91
82
62
157
82
23
87
78
56
152
80
29
81
79
53
151
74
32
78
79
50
146
68
41
74
84
46
143
61
48
71
82
45
140
55
55
61
67
82
44
124
47
65
60
76
43
117
47
73
62
73
47
108
54
82
62
71
44
99
58
87
59
60
49
86
69
104
57
64
58
72
104
78
89
61
76
82
56
86
92
68
75
90
41
89
98
70
95
98
44
88
65
78
99
99
55
27
105
100
119
97
59
57
55
107
113
113
77
83
19
84
99
94
119
81
57
49
71
121
104
94
30
49
92
107
110
101
15
44
94
86
119
113
20
60
81
100
99
66
61
61
87
71
96
105
80
46
51
74
48
99
74
60
50
77
80
100
78
68
54
89
68
98
94
57
39
80
80
57
78
68
58
71
87
101
76
72
54
101
74
69
105
103
85
54
104
85
114
111
57
80
82
82
114
114
80
84
89
56
106
127
94
86
125
112
126
135
101
109
114
126
133
136
136
102
130
137
135
182
116
169
108
182
127
187
163
145
126
54
135
181
164
191
144
51
129
181
166
200
149
50
130
181
159
208
195
49
125
161
157
212
201
195
76
175
158
163
210
203
57
130
157
130
209
191
67
132
164
124
208
196
77
125
165
109
205
200
91
147
166
111
196
201
112
148
164
100
198
199
200
180
149
167
85
199
200
183
152
171
82
197
199
187
153
173
83
186
196
187
140
172
82
147
195
186
138
174
85
138
195
184
148
173
86
86
140
193
166
191
172
87
139
190
163
187
172
87
135
190
164
180
171
89
131
187
164
175
172
90
127
184
161
131
179
92
117
183
161
170
170
177
94
91
179
163
165
169
89
85
176
164
162
172
87
92
174
164
159
168
85
89
172
166
157
171
95
88
172
167
160
167
91
80
170
169
123
145
173
153
70
173
162
119
172
94
91
168
161
152
169
155
70
166
160
121
171
86
136
166
164
116
176
106
74
165
164
142
171
91
141
137
175
170
172
178
78
142
93
169
162
177
102
138
104
167
151
178
78
150
102
157
169
177
101
140
169
166
115
167
71
150
94
165
163
177
82
148
95
132
175
106
177
153
153
149
166
114
165
86
160
82
159
171
170
99
159
168
161
128
161
85
158
137
162
160
173
151
164
108
164
171
149
81
163
156
142
114
164
174
93
168
149
159
106
173
141
166
99
164
116
171
92
172
96
160
165
167
84
160
98
162
164
173
144
174
109
162
107
162
137
144
172
88
165
116
155
79
160
122
156
165
171
100
168
103
167
167
171
140
159
130
158
100
171
140
174
96
162
108
164
144
168
120
156
158
164
170
146
168
121
143
99
167
147
163
97
137
138
168
140
168
128
143
156
170
145
161
89
135
141
172
136
174
140
122
150
164
134
161
79
138
157
130
167
103
159
148
114
146
167
139
170
147
130
117
160
105
157
145
124
132
160
128
167
122
129
119
158
105
152
127
96
128
153
136
147
103
128
95
116
155
119
137
124
124
126
104
116
127
103
90
127
152
110
126
114
86
85
152
106
119
115
99
127
128
102
113
118
89
88
126
97
112
82
118
87
85
122
87
99
87
80
126
120
82
91
120
81
76
117
80
93
104
102
100
115
71
79
116
79
68
113
70
81
106
81
99
100
62
68
70
109
78
96
96
50
61
87
75
64
114
47
57
111
104
90
92
42
49
121
75
66
94
35
44
115
85
88
95
31
40
84
75
70
84
22
27
23
81
76
82
89
21
18
82
67
86
76
41
30
80
79
62
93
38
19
78
64
83
72
53
39
81
83
58
72
58
47
71
64
85
65
61
78
64
71
67
84
61
72
77
81
81
60
65
67
80
70
70
84
59
53
90
81
82
59
64
52
81
69
71
85
63
40
58
72
85
54
87
63
36
46
77
81
44
66
35
44
61
68
83
63
35
39
76
85
41
69
33
37
51
81
84
69
28
36
71
77
54
63
29
35
53
80
77
87
38
32
48
69
73
89
45
35
51
70
75
91
47
40
58
68
77
90
51
45
58
71
73
90
60
50
63
63
66
96
62
54
69
65
58
70
97
66
60
70
68
69
97
68
65
66
77
69
95
70
71
70
83
92
95
73
72
81
89
93
95
78
77
89
88
96
96
90
88
90
99
95
100
95
86
99
106
100
117
98
80
97
97
119
140
103
79
100
98
106
140
111
87
110
101
128
142
116
78
115
103
139
130
135
76
129
128
134
148
131
123
80
125
137
150
130
119
77
127
140
154
136
109
76
119
136
154
127
122
79
117
133
152
132
123
78
116
132
151
140
104
79
71
115
128
148
137
94
75
116
122
147
133
92
77
121
136
111
118
96
78
120
133
98
105
99
83
120
135
96
78
105
81
125
138
99
70
98
