9.014114078723399E-4,0.07584534065164973,0.09014114078723406,0.9014114078723406,74.27898377884672
3.3464198232029716,16.57646684152498,-168.76165878487282,-3045.6846822679145,-2530.4857057215995
1385.064128789548,-8349.075249552649,-191151.06706564402,799722.347771006,5616494.35717818
980066.1049182506,-1.057571850133517E7,-2.694783484529576E8,4.642031009338709E9,-1.8697417618772E10
7.541229658666057E10,-3.0117520339692783E12,4.510525971344058E13,-3.002287703566111E14,7.493908003249035E14
2424.3086610875025,-37237.30169598486,-74558.84291418765,2973567.2810412697,-9285396.656352818
3.0732943016942852E10,-1.2273723789815098E12,1.8381437464437848E13,-1.2234880762654922E14,3.05387278633966E14
1.159528482044374E10,-4.630718575964252E11,6.934997285765231E12,-4.615952769711659E13,1.1521455778680769E14
3.8711689614950514E9,-1.5459519934890686E11,2.315159164209056E12,-1.540929931020526E13,3.846058641528051E13
1.610958592017233E9,-6.432980524628889E10,9.633212470117665E11,-6.411317720818868E12,1.6001271833305762E13
-9.251759294256049E8,3.695463847503756E10,-5.535339650658801E11,3.684991488198038E12,-9.19939755599671E12
-2.609097405274321E9,1.0420430188297089E11,-1.5606727279190112E12,1.0388553624994002E13,-2.593159128808941E13
953.2459827989983,-11784.29853115917,-48212.16298828588,692104.6955628218,152184.5279491637
889.9204228851964,-12301.367265446004,-36340.83536343393,861791.7472707345,-1581494.5533051514
-2.961557139372079E9,1.1827985995596622E11,-1.7714640084659756E12,1.1791550750124922E13,-2.9433395216719938E13
-2.2415885853590994E9,8.952744757205356E10,-1.3408720062045625E12,8.92556020459906E12,-2.2279963143819746E13
-2.1317321776657503E9,8.51402616479299E10,-1.2751701571685186E12,8.488253370412556E12,-2.1188457858368934E13
-1.5941029972253857E9,6.366987971951657E10,-9.536356313561433E11,6.348160711373696E12,-1.5846893725208188E13
-1.0976539655358465E9,4.384411829297978E10,-6.567316730546013E11,4.3720138469559976E12,-1.0914549801543977E13
-1.1121669494836109E9,4.4423688027299934E10,-6.654109908294287E11,4.42978121792818E12,-1.1058731628625584E13
-1.0425826367523066E9,4.164484706177628E10,-6.237962740895591E11,4.152801921917598E12,-1.0367412504296113E13
345.230240299726,-4981.048490347506,-12682.222945702671,368644.7141718503,-889302.6889285193
656.383943148769,-11300.619686101494,-11907.934133720537,1004340.8988716342,-4115659.2579597253
194.49869913346612,-2026.9034890801347,-12338.635385680871,78411.5461936178,531840.6405536956
1.5162677432127193E8,-6.044078176469534E9,9.034720905181258E10,-6.002278119994562E11,1.4953676482473623E12
1.306539682820144E8,-5.207796451974327E9,7.784233801611629E10,-5.171236857656989E11,1.2882598253766611E12
1.0681455581657603E8,-4.2572455423452353E9,6.362933892286726E10,-4.226713284294729E11,1.05287937636445E12
7.117955396391754E7,-2.8363837312542562E9,4.2384306386656494E10,-2.814892158831211E11,7.010497119573947E11
6.098076889979432E7,-2.429733671435004E9,3.630402414245146E10,-2.4108344933828964E11,6.003580617515004E11
1.1439764166228464E8,-4.559583808146675E9,6.8149674868571144E10,-4.527089104823157E11,1.1277290096668914E12
1.0982246458323872E8,-4.377161961500571E9,6.542210251712487E10,-4.3458330942439636E11,1.0825601583766532E12
7.167092342578045E7,-2.8559859434062047E9,4.267755280481325E10,-2.834389584305409E11,7.059110131492377E11
4.9904178359194875E7,-1.9881068104699779E9,2.9701114999952602E10,-1.9720696335258847E11,4.9102316058527106E11
3.460919224247846E7,-1.378270905184799E9,2.0582951404684322E10,-1.3661451955711133E11,3.4002903803921674E11
2.6466976715463694E7,-1.0536292080905381E9,1.5728988090329746E10,-1.0435890082066222E11,2.596496402860185E11
5.756957099375177E7,-2.2937270620974054E9,3.4270527078684216E10,-2.2757069946098868E11,5.66685639078021E11
0.001596864604111962,0.10901782503368135,0.15754215649687553,1.564808266423152,15.542664675373993
0.17230239368254466,2.2199546008695266,-13.501031983474967,-23.8528025793075,-2114.5555375941276
50.11260247289218,2.6336779326894657,-4328.745961295821,-110028.17499902131,1029761.4968906989
23839.83691739584,-584821.5661856486,3354973.9930446157,1.2999301602679783E7,-1.1906667002086252E8
1.433008136611464E8,-5.677678717161377E9,8.43574176909661E10,-5.570475384021938E11,1.379404205717935E12
4.502268682253848E7,-1.7835923859100974E9,2.6496605164493248E10,-1.7494498410502783E11,4.3315484587422815E11
1.904257131458678E8,-7.544901625761518E9,1.1210161323991803E11,-7.4026402861828E11,1.8331234699338188E12
8.541872603725697E7,-3.3842149877934914E9,5.0279754124823395E10,-3.3200521467000903E11,8.221044679594974E11
2.5160121723286964E7,-9.965965062925187E8,1.4803232186822855E10,-9.772608994041483E10,2.4193297201416296E11
-3880075.6033642814,1.5405671560968858E8,-2.293755185971014E9,1.5178390157353468E10,-3.766434229145311E10
166830.00482110525,-6292525.577814515,8.878908743461876E7,-5.553328238023773E8,1.2986455601772382E9
-7965059.840801263,3.159139363723591E8,-4.698693853084423E9,3.105992152177698E10,-7.699316789069246E10
33.30285902356472,-333.38892368507095,-2141.3538865104247,11255.731397763713,102181.19200785414
1137137.6589433374,-4.483315825540125E7,6.628462124433153E8,-4.355515745333832E9,1.0732318397198856E10
788821.8566732036,-3.1046746431503944E7,4.5822080706771106E8,-3.0056694821222754E9,7.393142464692533E9
648997.5891729662,-2.5515389066344317E7,3.761647273506829E8,-2.4646587161386175E9,6.055528069049817E9
444216.7909705563,-1.7416310626062937E7,2.560457508074164E8,-1.6728805887210066E9,4.098373963821607E9
395248.335546955,-1.5479832472838338E7,2.2732880105274212E8,-1.4836114788281221E9,3.630584234686989E9
12160.6441726197,-362800.639880251,3631399.0484502176,-1.2425315583783291E7,2307797.0715532526
3690663.684259205,-1.45790005967841E8,2.159634867185383E9,-1.4218324344720911E10,3.51031267456082E10
2432486.3245504014,-9.604147488117296E7,1.4219888504496024E9,-9.357260793089333E9,2.3090335235613834E10
1081446.2501517527,-4.262214464481836E7,6.299290626844093E8,-4.137711245252486E9,1.0191888849700445E10
-116747.72501324657,4753077.824831601,-7.250359391509347E7,4.9114443408563554E8,-1.2466851723375573E9
-916423.1329152352,3.637098678892214E7,-5.412973680856769E8,3.580344436691557E9,-8.880462780584286E9
4564097.989786064,-1.8031830107720715E8,2.671492369228093E9,-1.7590718070670418E10,4.343526598500279E10
3738718.9993310687,-1.4768464075425008E8,2.1876460592877812E9,-1.440237858781701E10,3.555663161376469E10
2302449.7779766265,-9.089808530124879E7,1.3456996362713745E9,-8.854347859767294E9,2.184710318921923E10
863702.557133554,-3.4013871843756534E7,5.023099846211458E8,-3.2968379856095943E9,8.114228156721633E9
-73554.88161190461,3042592.0664509884,-4.71022142234137E7,3.23491352866473E8,-8.317350012820514E8
-810109.3382979712,3.2163704356656305E7,-4.7886011687661827E8,3.16852943916022E9,-7.861893428417965E9
4802777.629312104,-1.8975172657558024E8,2.8113068793196383E9,-1.8511697753021572E10,4.571024093993636E10
4033850.0988378045,-1.59350938400156E8,2.360579950931133E9,-1.5541689810747131E10,3.837134137427318E10
2377202.997224998,-9.385298796806826E7,1.3895007765398116E9,-9.14291230718093E9,2.2560004122189667E10
652182.749838786,-2.5652068616712376E7,3.783510193635854E8,-2.480121631003446E9,6.096355950800878E9
387179.8845618053,-1.517487402391412E7,2.2301625336873436E8,-1.4565747117231529E9,3.567197379050306E9
-330315.4814561477,1.3192024764149707E7,-1.975494280773558E8,1.3146467237260716E9,-3.2803940628096147E9
0.004389665331664451,0.04315198979049813,-0.20550459336894847,0.36677976268147927,86.93434516112487
-43.239746131850595,-150.00250547152487,-8112.798296946277,3706.1646638743878,1294000.1154690762
-8.666353140070477,-6.207915728485467,357.873408365281,4121.077219371638,11887.920297903198
0.2822337923632139,10.0862996181914,85.67581012414709,-129.31140992585995,-19069.980075504922
259.8467521277494,2467.6964119786953,-49437.64374833217,-725287.5803572811,7136637.688013729
29.220548246645563,-182.43737409129096,-2552.4573134996235,-7451.340289015878,220496.65431362775
2.8091269895545818E7,-1.099314875090336E9,1.6132526801596922E10,-1.052200392169597E11,2.57349947108653E11
6491.866092151085,-148862.15052723652,644331.3371231913,5820772.597179358,-3.8696045660765976E7
-3.0034190542016573E7,1.1756883943864954E9,-1.7258299915715878E10,1.1259509908855486E11,-2.7546754763077356E11
-9.047355320132688E7,3.5413039296251054E9,-5.19797620907634E10,3.390947914786988E11,-8.295402853286544E11
-1.0300828963106304E8,4.0319159729794025E9,-5.918072798520149E10,3.860689563616288E11,-9.444500492204734E11
-7.991289811450878E7,3.1279601061158648E9,-4.591293538974462E10,2.995191936598746E11,-7.32729683141917E11
-7.231099336841269E7,2.8304215504637213E9,-4.1545830513894516E10,2.7103133860429373E11,-6.630420965340187E11
1.2151812163833898E7,-4.75445374517523E8,6.975731477982344E9,-4.548777010075945E10,1.1123183266062582E11
-6401288.079346737,2.5071971158300912E8,-3.6824663211065454E9,2.403834126945028E10,-5.884362252412427E10
-2.4302303825050056E7,9.513607250462381E8,-1.3966014167421654E10,9.112036248991655E10,-2.2293994251315698E11
-3.413482571661325E7,1.3362021663411303E9,-1.9614450991922592E10,1.279663725026815E11,-3.130726025756164E11
-3.620292964126836E7,1.417146810736587E9,-2.0802497412146633E10,1.3571624298624796E11,-3.3203027474737384E11
-3.687490019636237E7,1.4434473591061814E9,-2.1188516598652412E10,1.3823431832545413E11,-3.381899536758929E11
-215504.50549862406,8645966.299288712,-1.2999893488059779E8,8.682275490776331E8,-2.173301498639422E9
-1.0332659185139228E7,4.046008056915947E8,-5.9411534901750965E9,3.8773089291411896E10,-9.488977681700969E10
-1.2596108897473615E7,4.931902474351822E8,-7.2413907233633175E9,4.725471227935849E10,-1.1563723261283713E11
-1.6439206473132797E7,6.436052382132728E8,-9.44904136062826E9,6.16554686150208E10,-1.5086375510420218E11
-1.3790016916430082E7,5.399189313148589E8,-7.927235367213345E9,5.172858567038441E10,-1.2658110826107492E11
-1.4188559623706423E7,5.555174217491959E8,-8.156174369070811E9,5.32219738961641E10,-1.3023415450828036E11
-279530.46664433874,1.113781414716736E7,-1.663655981119605E8,1.1041058623668242E9,-2.7470068116789756E9
-3434178.5457918695,1.346057376033866E8,-1.978485261144557E9,1.2924591469653534E10,-3.1661345696924335E10
-5966014.50722836,2.3369730401238754E8,-3.4328298604546027E9,2.2411258655064285E10,-5.486676959610044E10
-8306263.400748769,3.252900614340191E8,-4.777109790853265E9,3.117993430244253E10,-7.631580630950058E10
-8789430.812179577,3.4420015375247115E8,-5.054645682847492E9,3.2990275223688705E10,-8.07440455174375E10
-9502102.648067925,3.720924286978932E8,-5.464007910692972E9,3.566049679551988E10,-8.727559650000627E10
-350157.18946795544,1.3909357755871626E7,-2.071507960995522E8,1.370851818324472E9,-3.4012230337819133E9
-1824041.5906658466,7.159295441576236E7,-1.0537360922552034E9,6.892958668636358E9,-1.6908517599688797E10
-4568532.690390313,1.7900365226466623E8,-2.6301226624404974E9,1.7175337609810379E10,-4.205944249446533E10
-7035785.176818244,2.755633648977013E8,-4.0472465090662446E9,2.6418813954702293E10,-6.46690141353123E10
-8347468.563132504,3.26897682905027E8,-4.800629903004342E9,3.133286848880544E10,-7.668870693425612E10
0.004630978640989861,0.0887557288198946,-0.07852860449548912,-1.8557400410332512,41.57359320586242
71.62795056126595,517.7872433702478,-1413.5766390652257,-34493.62034779422,-650733.6818655785
14100.217044224748,279185.96207506256,-4455153.0728140455,-4.4292734944388896E7,4.6919289368816066E8
1.9639667569135416E7,-1.3405064414705715E8,-7.219862621883382E9,1.0620587743953731E11,-4.0240429950161255E11
1.1682004274668555E11,-4.540942671628896E12,6.619201621776903E13,-4.288272230266105E14,1.041813589297724E15
-3525.6610416170224,-40993.17087163078,709391.593340803,1.0772801210543029E7,-1.0261719998886457E8
1.791099242104463E11,-6.962493887584877E12,1.0149413152904173E14,-6.575581708749221E14,1.597564324753695E15
1.2633172295638644E11,-4.910679863085833E12,7.158165978952153E13,-4.637448062421031E14,1.126645513553936E15
5.821862867893076,-28.214820574062852,-556.699221240407,-2742.5622447825476,53337.9996103185
-42.77359054329422,389.3014063001099,2850.1490826925037,-8837.682014736703,-158934.74630316498
-23.116522449142153,-37.97812909776627,3148.7398159754425,34253.932004920745,-389074.0287274474
-26.410085576181533,-11.908915381466471,3395.7308885878583,34159.01301932371,-406027.779346672
-24.865890828212695,-23.43788389377491,3276.14594010959,34080.67051038293,-397164.5393127976
-26.03339980701586,1.3715319963555146,3262.661587092981,31599.787968216842,-384138.2433342693
5.484875551976622E7,-2.1285232215203056E9,3.0975646272736664E10,-2.003452006430726E11,4.859234737435133E11
-4.414143171602416E7,1.7103390446433363E9,-2.4851206996775764E10,1.6048278788425946E11,-3.8863232169445557E11
-1.2267226273897952E8,4.755387839549319E9,-6.912823394048924E10,4.466230660488756E11,-1.0820735728792545E12
-2.1193429615840998E8,8.216392688749837E9,-1.194513743188729E11,7.718223445801805E11,-1.8701376112530159E12
-2.28814170407297E8,8.870872941156612E9,-1.289673640881223E11,8.333156276535884E11,-2.0191531220207083E12
-2.5897577425987485E8,1.004030991190985E10,-1.4597050979236215E11,9.43190407406421E11,-2.285407544435406E12
2.309756031049216E7,-8.962659372380044E8,1.3041808163255505E10,-8.434417072208408E10,2.0455140709002625E11
-7.250762110352442E7,2.8105282681226015E9,-4.08528322522301E10,2.6392012693833255E11,-6.393707542773458E11
-1.5325128089789793E8,5.941099947868974E9,-8.636933940672908E10,5.580441331018544E11,-1.3520958878847715E12
-2.2870108313844258E8,8.866408882093126E9,-1.2890130166766457E11,8.328812399309443E11,-2.0180823015347053E12
-2.2434804161767435E8,8.697635013055616E9,-1.2644745370329045E11,8.17024775441475E11,-1.9796589611779106E12
-2.3656419103351325E8,9.171271571985083E9,-1.3333375694729326E11,8.61523066218975E11,-2.08748671620342E12
-3.788237784776987E7,1.4681329649588852E9,-2.1336508696226246E10,1.3781527245196973E11,-3.338113896036167E11
-8.659860915196547E7,3.3569158338094754E9,-4.8797766535759705E10,3.152648916051878E11,-7.638027794973317E11
-1.2029703291062419E8,4.66343780355607E9,-6.7793404495762436E10,4.380108787428423E11,-1.0612368821557028E12
-1.5776167194193876E8,6.115975670402132E9,-8.891192102941489E10,5.744740950264518E11,-1.3919091963711094E12
-1.5331634358853728E8,5.943626734417025E9,-8.64061383679668E10,5.582823207536426E11,-1.3526740283812012E12
-1.5656701080629635E8,6.069657289714944E9,-8.823849167955318E10,5.701225150667998E11,-1.3813645519716218E12
-5.248677456234833E7,2.0344076343517735E9,-2.9570317097489845E10,1.9102495918187805E11,-4.627582456911882E11
-7.424128885172483E7,2.877839943758212E9,-4.183287581570052E10,2.7026199233194522E11,-6.547600627216365E11
-9.053907645070757E7,3.5097104791574397E9,-5.101953440283152E10,3.2962327623653436E11,-7.9859984548651E11
-1.1234347113083498E8,4.3550713794981365E9,-6.331005554108646E10,4.0904049492292834E11,-9.910370634782112E11
0.0071939021962162345,0.03310165604915484,0.6710280487397178,-3.409999208246103,4.929985262324829
3.395307361915617,-8.80089489731289,272.6267874166332,-2301.729740599144,-24685.67144307545
1511.4011052799087,-15466.47199295345,16129.687813913275,-1416882.235199871,1.2963026575627947E7
-1.1531311035635512E7,1.6802956598267046E8,1.5769131318086543E9,-3.592671060508374E10,1.488471210693907E11
-1.084416853942579E12,4.182573822200104E13,-6.049533363815655E14,3.888814762570335E15,-9.37440132897841E15
-28.09929124105519,110.4907802318898,2767.8694006995693,16423.97823235316,-271732.60992811207
-30.589819405335174,-33.195107905784596,4000.371376009166,41665.56025538595,-479368.6404029177
-11.390526839395484,-171.4157703489857,2538.5358648920296,39560.659610107585,-365210.4291977877
-12.609937188789072,-150.51275418461736,2548.7849743118804,37905.415347434784,-358401.37183209934
-11.421290448458066,102.07210857634502,755.2784107911838,-2216.2215793831774,-41501.49425000739
-3.350221132496122E7,1.2881378645563362E9,-1.8572945195851982E10,1.190186392626003E11,-2.860083698710925E11
-3.3246428389047727E7,1.2783030104886303E9,-1.843113946389284E10,1.1810990818698682E11,-2.838246019213157E11
-4.500190685772682E7,1.730281756683592E9,-2.494780109822692E10,1.598687072490254E11,-3.841706527070673E11
-2.00278049692591E7,7.700783567277074E8,-1.1103659207778429E10,7.115627214702457E10,-1.7099755236423865E11
2864.8561305586873,-55300.719186947754,1031.057802390356,5131360.412410187,-2.4761972212916315E7
1.591489407385717E8,-6.118839060895072E9,8.821932098133145E10,-5.652935202714877E11,1.3583563150668276E12
-16.929421587152163,186.34154092909853,894.7762838434742,-8665.310304718896,-20219.85749057078
241772.98122724477,-9295693.339963352,1.3402164612500724E8,-8.587632170403045E8,2.063436149930289E9
-16.921504006147806,186.97006047566373,888.5076802234306,-8747.337551164135,-19478.01727127
625440.7009014558,-2.401330711430008E7,3.4573395623193634E8,-2.212292312859277E9,5.308443132781445E9
568804.830450349,-2.1839072686999835E7,3.144336052855741E8,-2.012026733812907E9,4.827945264175557E9
1004474.0964108993,-3.856299162509143E7,5.551729902325877E8,-3.5522029651187015E9,8.523006591055662E9
841079.1723987265,-3.2291416094146624E7,4.64903165923928E8,-2.9747420488568854E9,7.137749320255615E9
724419.7828125448,-2.7814170674478553E7,4.004669828336909E8,-2.562585094791501E9,6.149143503322451E9
582117.6421863391,-2.235337163515885E7,3.218839993270603E8,-2.0599942151309896E9,4.943751655592834E9
-1652.8820012729593,25909.003114928277,165232.3958837514,-4486111.491142809,1.8955050371359587E7
-1576.7857727859523,24815.388573757027,154646.23356026318,-4249800.24654372,1.7983322591903955E7
-2031.4649706444848,33261.683784227316,162811.06196663578,-5132685.450189239,2.2095610704411022E7
669129.6832616327,-2.569135237023266E7,3.69903246789163E8,-2.367009600573937E9,5.679843455928623E9
568430.0810747636,-2.1828576397070438E7,3.143386439991347E8,-2.01177926625481E9,4.828217683044923E9
410283.84848144115,-1.5762495270230442E7,2.270848312835665E8,-1.4539854965466821E9,3.4910381077548265E9
361309.46734556276,-1.3884048271750042E7,2.0006667620666617E8,-1.2812723482484863E9,3.07701759365739E9
280359.7749045362,-1.0779285793870654E7,1.554118663646453E8,-9.958282927951199E8,2.392790228572137E9
612978.74693187,-2.3536196956759118E7,3.388842352070755E8,-2.1685869254169054E9,5.203870347936373E9
495289.23947164556,-1.9022593403743055E7,2.739706428270796E8,-1.7536704735127306E9,4.209353313079338E9
390252.1543044637,-1.4994338100135377E7,2.160387347273246E8,-1.3833894908391414E9,3.321846914888104E9
4.389330600669426E-4,0.004170430822682487,0.039624477691718146,10.369644093597762,3.5770812800065848
0.16742553890017264,1.0608797223599646,-5.580760560381579,-91.11769392486764,-792.0060604690922
562.04853580552,-4907.674184450327,-26401.765637567696,-92725.18462556608,2893552.182433342
509.74569649661987,-4529.892872498008,-32525.499052826897,100063.31724751653,1716838.8776770062
772.4047137319392,-1169.3885696538293,-85227.20339722723,-704086.9814058118,9092002.073968608
486.2439277644154,1051.6245315599776,-64941.18026014377,-711474.5185018656,7757929.168379785
1405.756055641701,-18496.580726043812,-51740.830628793265,1175598.2646921752,-2089933.3039265927
470.0781845150482,-3623.3244748608286,-33474.36436462436,8653.667653073047,2216690.9448591312
441.2570691247416,-3555.2649880887425,-30444.50593999612,31189.69134688376,1905551.6991524848
396.5600768429493,-3769.0455073146095,-23728.467863581234,114056.49244776757,1059545.4569552029
-1021.1074153103634,28224.92300597456,-55995.394119931,-3069979.616584925,1.8336135648551773E7
712.2766436555191,-6662.33773538708,-43286.58769777747,188318.7685325681,2028276.656958486
397.9448404768283,-2557.837570615487,-31550.554281763216,-69206.52457844332,2456747.949834339
222.8866748202618,-1682.0008369506454,-16089.993767209402,-1373.2593499240902,1091957.724822204
3.1756575355363124,-22.270923222074693,-235.92114984132286,-232.22493279444961,16839.141787342473
18675.53156584243,-645146.330808092,8281163.046108738,-4.671617818332809E7,9.744780374840496E7
4.267494056766808E7,-1.6136992630227313E9,2.2882402839706326E10,-1.4421027951519217E11,3.408161467396888E11
-614.5310968706434,-13989.887167515652,729264.1823002518,-7960631.751238147,2.680999551775552E7
2.250047424893408,31.694092529386353,-464.20453934303237,-7301.910007721886,65874.63667722515
1564.0649390784477,21776.037140312328,-1455715.0983487777,1.6399186671356138E7,-5.5823509973555274E7
-840297.5967032748,3.1784108647271637E7,-4.508319970642053E8,2.8420611938990045E9,-6.718617201998575E9
2119.608272779401,-20526.569942059774,-553602.8830917317,8807184.120013103,-3.3370850533642676E7
601.082547138377,-11304.323688060234,-361.46787288023376,1006303.2501188824,-4730956.343394564
1747.289743032408,-45004.60235643323,340714.10183956235,-280665.8927705821,-3728972.4741076743
-83961.14395861569,3198541.5980149736,-4.568978160140039E7,2.9004568687448734E8,-6.904119607907425E8
863.2221398594234,7475.256694098578,-673760.4537807332,7817401.541124842,-2.6898417752743065E7
-804070.7126280324,3.0396204706900604E7,-4.308954430171014E8,2.7148015132012672E9,-6.414040332167793E9
2262.542309809958,-39696.8642171313,-86302.4874558383,4628603.701603998,-2.0576272818119027E7
1800.3797785998922,-42633.013437646805,244855.422462026,716478.4608441696,-7016360.757741077
123888.73186819322,-4645800.052612801,6.532732537058165E7,-4.082449120732307E8,9.566470183711454E8
595.0909747506846,12462.943615014268,-671404.700053942,7341764.0520102605,-2.468484135068263E7
-1238888.365120521,4.681046379011328E7,-6.63256098271138E8,4.1767002983547044E9,-9.863088080066961E9
-1330024.3536633328,5.025152658801893E7,-7.119778459280907E8,4.483296593163934E9,-1.0586588048349628E10
2280.08036978786,-39495.726254608424,-101311.65493406645,4799181.7854562495,-2.1157486477755312E7
880664.3818495756,-3.321606729691483E7,4.697996362112372E8,-2.9531807861197085E9,6.9613596791157255E9
223295.42268886114,-8396421.250181867,1.1839338810096902E8,-7.419346190570443E8,1.7435022128620143E9
9.331993474793019E-4,0.00874560562677816,-0.39627384196440885,6.01837768731315,64.83824501144205
0.15960723972311874,0.778104611623646,-8.841677978775143,-0.7592081606716334,-987.1170252000243
-804.8881820276299,3467.6379507091415,48357.44270074862,822172.5325194786,-8597637.791697739
134.31753830326863,217.28640296324522,-16998.28018254743,-178439.00668838408,1950355.3490393544
38.386563224582005,-264.762109755191,-2809.7759113730162,-3074.3778020129294,197509.35536431376
2.7882936942809798E7,-1.040362414003478E9,1.455662672815667E10,-9.052176379551175E10,2.1109367765280264E11
-1.665466547546106E8,6.212488762527789E9,-8.690096011710611E10,5.4025525980886536E11,-1.2595131005864487E12
1018.1145953373948,-18526.880333457964,-3396.484653329522,1594119.9881633583,-7245265.5220763385
-3.312096260977149E8,1.2354814367863394E10,-1.728219063185846E11,1.0744268804851696E12,-2.5048644658875347E12
1602.846633537475,46118.78867731957,-2119840.9386087274,2.23052700285291E7,-7.317997612235E7
3670.4605384770857,-5868.949441441786,-1744949.0021289499,2.216919201099265E7,-7.798898008046669E7
46.353036157132564,-444.9030574804204,-2604.217175016151,14280.745303984733,103630.72437229993
-2406209.6807456487,8.977126659958737E7,-1.255935706329785E9,7.809259408407483E9,-1.820867997533609E10
-2314787.1659307256,8.636177055109242E7,-1.2082534921333888E9,7.512886810438141E9,-1.751788546667373E10
-2557950.908583189,9.542770042606543E7,-1.3350055106353753E9,8.3004993483379345E9,-1.9353152880921402E10
-2223081.8975327862,8.29460038240696E7,-1.1605434390771923E9,7.216713725789267E9,-1.6828425494355198E10
-2181710.1992351455,8.140426666272064E7,-1.1389984722708633E9,7.082901427034956E9,-1.6516770037765484E10
-444782.9585624092,1.6686758461536787E7,-2.3474487928815445E8,1.467598248141224E9,-3.4404821204643536E9
-811550.338116105,3.0350868136126485E7,-4.2564232071193606E8,2.652911728292001E9,-6.200389288493371E9
-1140075.1518668411,4.2589197926908515E7,-5.966061081142972E8,3.714363650599798E9,-8.671683957046972E9
-1845220.8065031841,6.88558843539911E7,-9.63516193053652E8,5.99222941764424E9,-1.397471919703878E10
-1644233.3204430994,6.136946055771524E7,-8.589460688550661E8,5.343064741653245E9,-1.2463491295663881E10
-1841939.8679383618,6.87333957331089E7,-9.618013566817428E8,5.981559400112666E9,-1.3949822779062952E10
503723.14785009343,-1.8632374087373763E7,2.5843709774889478E8,-1.593081221253661E9,3.682400259135007E9
563.062004180746,109655.98680556682,-3353987.3633374386,3.2119721994463395E7,-1.0104151143630144E8
-817364.4380815538,3.0570572622670688E7,-4.287551671947239E8,2.672510399009152E9,-6.246655183749647E9
-1954484.1489835586,7.292045182918884E7,-1.0202156844227935E9,6.343753559982269E9,-1.479197138378899E10
-1861914.312209959,6.947290794508132E7,-9.720677478245426E8,6.044899374149796E9,-1.4096356960362322E10
-2250917.9726882936,8.396025600781856E7,-1.174393727626943E9,7.3007216319564085E9,-1.701938009029194E10
925662.5739611384,-3.4341330374355964E7,4.7775370026440763E8,-2.953926825147847E9,6.84885401916047E9
113640.6920075154,-4100452.8059140425,5.54269748719483E7,-3.3262836711829454E8,7.47701288002073E8
5660.331865309106,-76801.9013072745,-797264.6799083393,1.6544808853540685E7,-6.54772860805811E7
-1169895.8382865675,4.369967935901494E7,-6.121132737874361E8,3.8106062239716487E9,-8.895674399539757E9
-1322424.7379148796,4.937994550268923E7,-6.91438754016039E8,4.30295223898692E9,-1.0041597889610462E10
-1591848.1181380558,5.941336399153933E7,-8.315554989711804E8,5.172602903533765E9,-1.2065675183656025E10
1854822.074057535,-6.89410111453473E7,9.609028853128421E8,-5.9524262071719265E9,1.3827224368903078E10
0.0023385589084301476,0.04227861297755512,-0.02086104099273464,1.8470995535169301,17.07409262208309
0.1391414319168293,3.433353673008904,-4.638704131792678,-179.73103608501762,-1587.1256714834096
67.54123997454563,-364.5425888631602,302.0635030864314,-124194.93400556699,917102.8953994645
14197.960062731128,-114020.12523758144,-4070842.4894844783,5.963219618535408E7,-2.1698710920099327E8
5.0965422396275735E8,-1.878095752962908E10,2.5953133631634497E11,-1.593962345087028E12,3.671100545026117E12
1.7723387029781353E8,-6.530893127197107E9,9.02460975147643E10,-5.5424335637396E11,1.276446322925889E12
36.13396475277602,11.838827661659394,-4100.413512703264,-40410.888951873094,450827.1736708678
-2128117.017476297,7.854497985894947E7,-1.0870860181015124E9,6.686797672317375E9,-1.5423930726063587E10
-1911402.531421764,7.056342916554861E7,-9.768517714020473E8,6.010151011052758E9,-1.3866397658069935E10
-1957040.69771129,7.224341151248872E7,-1.0000423145211864E9,6.152427456404114E9,-1.419372686912686E10
-1769341.1283419114,6.53362744691427E7,-9.04727093597248E8,5.5678500192574415E9,-1.2849256517141462E10
-1584533.7650711953,5.853684718276021E7,-8.109159172614548E8,4.992605844625618E9,-1.1526502580684275E10
3531386.821231072,-1.296663016725331E8,1.7854088841504211E9,-1.092605090414363E10,2.5073646977653053E10
3134537.020536495,-1.150681803831369E8,1.5840379806606088E9,-9.69149251995165E9,2.2235365277428085E10
721362.4171412827,-2.630399604785357E7,3.5965955142086256E8,-2.1854906371463733E9,4.979746003591825E9
-2593973.0852774982,9.564012575057667E7,-1.3223292109982805E9,8.125499142486614E9,-1.8723425296561573E10
-3514452.349970716,1.2949613843997283E8,-1.7892964408878214E9,1.0988042081690153E10,-2.5303736158905334E10
-5333135.480846617,1.9638747394748533E8,-2.7118922195831776E9,1.664350345904401E10,-3.830403647308196E10
2164995.3205782683,-7.938995088738286E7,1.0916930503948514E9,-6.671879882760109E9,1.5290523225393631E10
-381168.47747690673,1.4255392361597333E7,-1.9986746460677812E8,1.2450768796114414E9,-2.9077638459490747E9
-2504826.5377637553,9.236051900971207E7,-1.2770844752227492E9,7.848084359495153E9,-1.808557290563806E10
-5650142.107635468,2.080396338123089E8,-2.8725021046835694E9,1.7627405951635925E10,-4.056430263424385E10
-5952141.747686654,2.1914654476898474E8,-3.025684494894662E9,1.8566349091929768E10,-4.272253613628934E10
13122.237006944488,-177262.03121847365,-1762954.140441613,3.657555361126952E7,-1.4325355019792342E8
1763799.0276710617,-6.462508509036138E7,8.879271713799319E8,-5.422055476667505E9,1.2415800869272236E10
-328183.0467815772,1.2312007840201855E7,-1.7313845550925198E8,1.081690826528105E9,-2.5332491766005297E9
-2079249.3214949144,7.671080319362618E7,-1.0612787122091018E9,6.52546666146918E9,-1.5045849172099155E10
-4518513.320165905,1.6641886368879664E8,-2.2984583799217057E9,1.4108604310260347E10,-3.247570311704592E10
-5290034.075998364,1.94792682212395E8,-2.689764462213364E9,1.6507052063089952E10,-3.798850725754673E10
-6216973.946462807,2.2888209002103996E8,-3.159892317416566E9,1.938861000881228E10,-4.461169950707766E10
1672050.030823402,-6.124536750513484E7,8.412409404821572E8,-5.1354313506214E9,1.175591932006625E10
589220.748621878,-2.1423348507610217E7,2.920603484822218E8,-1.7693708190881317E9,4.0191921529979477E9
-1674359.4894327603,6.182140849803856E7,-8.559518505529411E8,5.267036081666266E9,-1.2153562683962818E10
-4754797.910332658,1.7510609952847463E8,-2.418230614312906E9,1.4842518408407888E10,-3.4162111033416206E10
-5117656.95793453,1.8845035485826877E8,-2.60225667817834E9,1.5970440624856142E10,-3.675454420207772E10
-801.7828382551797,377820.6775872441,-1.0010641178644823E7,9.075616102295476E7,-2.761164554522985E8
0.0022447304373138643,0.04290064525950449,0.18736337261494931,-0.7258483578481795,15.638863720160751
-301.28339038695435,-663.0793786582399,-245.5032638852527,-46812.00820575982,3052907.0672525447
-136.7346929397899,-527.9400710653691,630.9569321467903,-21677.64317930674,1500669.343480025
-22.516076358686256,-10.8794216515075,840.3736927800676,8587.526814482666,16641.44266337229
1.3253212640825884,46.17117008369547,366.60793649820056,-502.72835516029477,-70369.66890045699
-5.689898080528109E8,6.541337726583138E8,2.664094502129676E11,-3.296095808569373E12,1.1342014583141438E13
323369.6414952805,-6658075.937204321,2.139579646942801E7,2.8991442241720647E8,-1.6101800945605607E9
5570549.75270437,-3.470734323637951E8,6.719168423889528E9,-5.285690389779252E10,1.4792793983700256E11
-2.118426070555744E11,7.728537473499679E12,-1.0573339530320048E14,6.429010142392764E14,-1.4659086252720155E15
10055.693431520262,-154703.05838492577,-175851.75144397514,1.1297476052464347E7,-4.0621687538027056E7
1474.1334519481109,-14143.208567244348,-77571.44300535327,470633.97795036156,2690104.4122968563
-30.46474938064701,-37.070091983055136,3599.071853110141,35939.207591597136,-388158.96595747
-125.57460413446734,-1315.2757967363932,21914.13579913976,309483.07292226003,-2778656.6028009825
1.736737947562529E10,-6.335833829300468E11,8.667705389087048E12,-5.270133260180594E13,1.2016276984349178E14
1655.1268834209923,-12874.96706527386,-105295.42002607197,110608.89321957447,6065300.319240719
1409.1713574614307,-13184.431211937821,-76132.7102082598,402292.1464472831,2915842.381677412
912.0459969997539,-6098.789773644969,-64079.02953875506,-77174.48782687173,4350317.225816327
683.7110046290117,-6360.355179617038,-37160.94056049907,190014.91432662113,1452704.3659314315
433.0846610093589,-2975.9132555602764,-29944.88033703449,-25627.834125272988,1985738.9069049815
1411.068187541698,-12084.641564061112,-82974.8625501521,246913.68851303804,4054611.3799659386
1357.2934952079147,-12197.028949891708,-76331.92913891115,316971.43905623537,3320432.1851423224
296.87090928158796,-2772.1596726795633,-16075.008453010723,83849.60489535377,621465.5210264525
-71.9394834036731,-365.8847106170308,10189.454294687555,123418.44082117986,-1197767.6628006906
-51.42751232752848,-468.5221157918595,8541.140280305044,116856.46953617601,-1064872.1966385029
-53.32474877417939,-435.0501442686177,8549.638450047296,114106.03512475817,-1052760.1955378777
-85.99674042972023,639.016203584647,5649.972040271777,-1871.7878686143995,-342576.4424311639
-60.03761641689986,75.4898939280836,6201.560123292502,49913.69675983663,-612859.1166649607
3.2602452948070362E7,-1.185569298856217E9,1.616711457589148E10,-9.798355745813266E10,2.2269106309841617E11
2.9999250533837866E7,-1.0909081129076254E9,1.4876295462215378E10,-9.01605365164872E10,2.0491182917907834E11
3.538690395316991E7,-1.2867902842352853E9,1.7546960366728596E10,-1.0634354771671948E11,2.4168478177800327E11
3.2135465203240015E7,-1.1685811932157245E9,1.5935367474693367E10,-9.657848159967177E10,2.1949647311988202E11
1.034113552926651E8,-3.7598321029117656E9,5.126225877548314E10,-3.106292184846669E11,7.058557111300151E11
7.671307928692216E7,-2.7892211030069017E9,3.802992889614193E10,-2.304535178274079E11,5.2368509422766974E11
5.736663455894286E7,-2.085889691605282E9,2.844148856471368E10,-1.7235684653331345E11,3.916821435420289E11
3.559118313499476E7,-1.2942570070573137E9,1.7649303896614784E10,-1.0696699745086684E11,2.431089687397961E11
2.482283949949891E7,-9.027823873119248E8,1.2312424227106073E10,-7.463098076406384E10,1.69638176127045E11
-8.718178622836184E-4,-0.007881259882197475,0.24283079412034478,2.564313742555596,26.952093022200568
0.07553493627232297,1.836181589815256,-2.252822256651864,-119.00647606437636,-542.7169684355604
273.81261467812215,-3018.4337037037594,-2151.7888714677374,-28203.465202191,832137.5458745335
67168.98469130648,-994937.5131829779,-5774108.770935207,1.4983618887584972E8,-5.962090816584997E8
7.317559656885672E7,-2.631445146830983E9,3.548553207999951E10,-2.1267845077918213E11,4.779963815827151E11
2.7893503686986376E7,-1.0021930142302437E9,1.3502916906843489E10,-8.085706204854887E10,1.8156671874649875E11
2.8041646553762935E7,-1.0075231892373266E9,1.3574833886831696E10,-8.128831976439282E10,1.825364950413513E11
4.306186548301123E7,-1.547949408130075E9,2.086648373514663E10,-1.2501340457119366E11,2.808616777731077E11
3.34203400987805E8,-1.2023176601144737E10,1.6220221736796158E11,-9.725451260084894E11,2.1867137558287898E12
2.0910743634544423E8,-7.522252263532682E9,1.0147416328842668E11,-6.083849309563553E11,1.3678251626507815E12
1.3788753394593373E8,-4.959781677608684E9,6.690048061055005E10,-4.010617581604667E11,9.016176268716067E11
9.619192017539491E7,-3.459589271233217E9,4.665944217244646E10,-2.7968541034365E11,6.286792676905637E11
6.708659371961677E7,-2.412392937552395E9,3.2530391478290257E10,-1.9496007434063168E11,4.3815826950129706E11
5.541155370322746E7,-1.9923313171923575E9,2.6862821933727844E10,-1.6097437933764886E11,3.6173516388433044E11
1.179300378518998E8,-4.2417071351897054E9,5.721185302136965E10,-3.4296251631913293E11,7.70968075464751E11
9.850558835114364E7,-3.542829422809676E9,4.7782478515152466E10,-2.8641936413484485E11,6.438210016512568E11
8.94473538697507E7,-3.2169215404117165E9,4.338528691237415E10,-2.6005171875541504E11,5.845289432220421E11
8.494931837656677E7,-3.055086353112627E9,4.1201791680156586E10,-2.4695848348909537E11,5.550866989626917E11
7.296503276465666E7,-2.6239041262924614E9,3.538425989795807E10,-2.1207401540934735E11,4.7664361514596936E11
6.908010826661147E7,-2.4841289969573517E9,3.34984129971138E10,-2.0076568769723788E11,4.512151850501547E11
9.086663775778852E7,-3.2679804699698E9,4.407410293350875E10,-2.6418171910947333E11,5.938148867557129E11
8.582587319122456E7,-3.086620905196878E9,4.162721703228667E10,-2.495092775339534E11,5.608220041747083E11
8.20572520434157E7,-2.951031819904546E9,3.979786966418715E10,-2.3853987327879636E11,5.3615598286546094E11
8.032284701449716E7,-2.8886309034761486E9,3.895596947593127E10,-2.334915674769285E11,5.248043092150895E11
7.385419581084785E7,-2.655901153195139E9,3.581604455275508E10,-2.1466366111339655E11,4.824679033101678E11
7.119811862886645E7,-2.560341046768457E9,3.45267808801483E10,-2.0693289974121005E11,4.650846132464582E11
-6.181975073163483,-11.195330175625742,736.6307214943582,7281.005314457623,-76405.01569535646
-10.22993267631097,91.57855388629838,558.3032477438103,-2677.751115879968,-20696.17702239503
7169708.022174549,-2.5737841987985474E8,3.46473056951519E9,-2.0729064349819126E10,4.650681684472235E10
2774.476941749243,-57162.82511046656,193626.6948699213,2314617.235443978,-1.3046892404415159E7
6908260.62729609,-2.479790604890924E8,3.3380117866746807E9,-1.9969789966743855E10,4.480079216894484E10
6907585.928355059,-2.4795481604195976E8,3.337685091385204E9,-1.9967833429996983E10,4.479639815446277E10
647.8162601226135,-13842.278133514963,56802.48881795857,451968.0890972677,-2827946.7953667445
939.1017397496778,-21717.632727044725,127938.15885330043,235843.6893613208,-2814807.0691091036
1067.0667922124676,-23439.056586182473,112306.12053944475,562374.766132546,-4072052.4583040117
1082.4315329903982,-23237.83640142426,99429.69258736604,700448.9639539659,-4519227.18095241
0.003385286165225663,0.030173496669742665,-0.10652371505540091,2.3970999992266573,21.365664618454552
0.03993443254494048,0.46650850578659026,-2.3812883954484443,-14.304764690539029,-188.69217048693164
2624.4339003039504,-7444.208439124504,-305775.19217852794,-185888.61368762446,1.465642174707743E7
-1.995514352493436E9,4.89852385986404E10,-3.5997919538874786E11,3.943739247755217E11,2.991253793035497E12
2.8185502174945277E8,-6.222889512081582E9,3.227880516941159E10,1.0938570155061931E11,-9.118142899566157E11
-1.4847755960014123E8,1.1095616366058384E10,-2.2556280251097083E11,1.7970539726831892E12,-5.017434883927784E12
2.835661358042648E8,-6.2399810496881E9,3.1922469551867096E10,1.1496479980246167E11,-9.31929829081206E11
-2073.654973707869,-28128.707379409934,385591.8085968225,5662403.54442942,-4.809729051202113E7
8.822274517304213E7,-2.5503865144321065E9,2.617850167955298E10,-1.0870627887837608E11,1.3830091866494324E11
2.5843782562855854E12,-9.190058080958684E13,1.2254945217782188E15,-7.263093707263844E15,1.6142205138058686E16
1.2563902629064924E12,-4.467692684607171E13,5.95762221407786E14,-3.530854172228392E15,7.847250950244586E15
-2.621567841679759E7,5.752447517228819E8,-2.908587468493635E9,-1.0997540305756706E10,8.722064778606914E10
-2.648703853828943E7,6.215247852585537E8,-4.0144731040350547E9,-1.5451039893304343E9,5.976775086097678E10
-2.1660186813488316E7,4.835599064759424E8,-2.62405703644956E9,-7.121044275111069E9,6.623497576105824E10
-2.1703151318348035E7,4.884102512047244E8,-2.733066350840196E9,-6.212111818002546E9,6.363033093038806E10
2.192545172149251E11,-7.79685714951535E12,1.0397323263024731E14,-6.162269288352376E14,1.3695905218696748E15
-2.7223794736822046E7,5.424052515223457E8,-1.5542281757608793E9,-2.445871201636663E10,1.292222540528625E11
-839.1186292952681,5753.084451018749,54448.23748327268,29359.94206313428,-3364958.839517872
-353.76318783598003,3133.971576604161,18754.42649559209,-80933.5383535381,-754905.2271023912
-46.284484892342014,417.04675821137346,2424.348753516614,-11399.52696243075,-94108.64639940976
93.99223166810935,1158.8247417150205,-16793.863432425624,-240803.03765411527,2066783.032466006
169.63902305571392,-1522.5363477096616,-8864.09304632958,41742.76676857521,339666.63230425
-8558449.731798287,3.042309197054856E8,-4.0554444113451786E9,2.4026284700341995E10,-5.3377917613943756E10
-6329117.160993747,2.2514344233791718E8,-3.0033128389965363E9,1.780545852483051E10,-3.958501880981601E10
-1106032.982847322,3.988683529040187E7,-5.392624024522237E8,3.2394385166518087E9,-7.295511433707543E9
-6269787.529194991,2.230280379416823E8,-2.9750289078884673E9,1.7637385891985123E10,-3.921049544434724E10
-1318749.5390818948,4.7435839609030105E7,-6.397258092575394E8,3.8336515755012226E9,-8.613483886176567E9
1.6563164618988788E7,-5.867503127447286E8,7.794564882482264E9,-4.60198480922901E10,1.0188893832109996E11
2.1734144272809718E7,-7.701385649353708E8,1.0233494351607643E10,-6.043576374611528E10,1.3384213197966039E11
1.81802297632184E7,-6.441002029299661E8,8.557287691668332E9,-5.052818289714288E10,1.1188191000189883E11
2.0603476643709593E7,-7.300393335001042E8,9.700200970367008E9,-5.728357940394992E10,1.2685520706545851E11
9645236.586425293,-3.4141299203881156E8,4.531841866360213E9,-2.6735186630455124E10,5.9145166567857056E10
9816673.89754448,-3.4749285659601825E8,4.61269772212809E9,-2.7213094609145493E10,6.0204435170625244E10
2.1324553605341557E7,-7.55608676528728E8,1.0040206799671581E10,-5.929298780658114E10,1.3130847584383176E11
2.2514154141090073E7,-7.977965481407251E8,1.0601258764617977E10,-6.260913486305122E10,1.3865857981350995E11
1.4213976617893646E7,-5.034408444264385E8,6.686666505479039E9,-3.947166705223998E10,8.737549691044684E10
-0.003084155678297171,0.03714866612068752,1.010603745438829,3.9608547281098017,-18.635726069201525
-0.02751741020153959,-0.01172526074188715,1.2017967696610328,12.17627166396898,75.20106128611098
-30.8202280676569,43.87618726823501,4601.760462490974,-7188.143565861317,-138073.27246068924
-8886.475861737741,68997.08140023382,2289207.4980303966,-3.20958441216453E7,1.1143951062495318E8
5.720704581757413E8,-2.00721993097103E10,2.6410070171275143E11,-1.5443990243133838E12,3.3867148874003945E12
3.369132511165286E7,-1.1823903753117776E9,1.5560835803100597E10,-9.101655810688322E10,1.9963520725898718E11
-4.106470787922328E7,1.4405278205674453E9,-1.8949754671422424E10,1.1079005495421707E11,-2.4289970889448962E11
-1.2791785219693422E7,4.48535420917432E8,-5.897812929783416E9,3.4466732956584206E10,-7.553320455920282E10
-6.438211045019548E7,2.2586456699191346E9,-2.971392846306016E10,1.7373500363493152E11,-3.809286645865218E11
-4.703132320058115E7,1.6498731369519138E9,-2.1704158371026363E10,1.2689678148747708E11,-2.7821933610152765E11
5682693.288453229,-1.9965549473611128E8,2.630493791227193E9,-1.5403111756162483E10,3.3822725699391453E10
2858140.901116405,-1.0055321545854087E8,1.3265862945627818E9,-7.778367775535283E9,1.7102856357360527E10
-1.5346314252367487E7,5.381670642033575E8,-7.07715844895562E9,4.1363350853639656E10,-9.065698818135475E10
-1.6608445166934911E7,5.82450002811288E8,-7.659794811015179E9,4.4770366089071785E10,-9.812800458160083E10
-3.1600464115837414E7,1.108456414823607E9,-1.458051155816581E10,8.52397362971823E10,-1.8687035710287183E11
-3.179105884582033E7,1.1151435563051364E9,-1.4668494656711025E10,8.575422201689137E10,-1.879985322124222E11
-1.8605219362750553E7,6.52510820162417E8,-8.581624321815813E9,5.016101928352456E10,-1.0994919849491228E11
-1.791295613208443E7,6.282224415458021E8,-8.262062495680461E9,4.8292375205061844E10,-1.0585161894152913E11
2609690.2785766753,-9.18219719168477E7,1.2115216056935441E9,-7.104423175593275E9,1.5622602240314066E10
1.8908785748322222E7,-6.6367963969061E8,8.735395319334358E9,-5.11001365088759E10,1.120961684961626E11
2.2394492557817183E7,-7.859760523037983E8,1.0344431021892822E10,-6.050890878724337E10,1.3272759863373174E11
2.9207638771974314E7,-1.0250151115701069E9,1.3489420007346443E10,-7.889903444053166E10,1.7305306142420032E11
3.541012817111228E7,-1.2426283647573695E9,1.6352501729113012E10,-9.564065341476736E10,2.0976355760425378E11
3.803426183995879E7,-1.3346952032807152E9,1.7563795810235603E10,-1.0272355589178934E11,2.252946504879027E11
3.1436992018490564E7,-1.1032333675152817E9,1.4518541097576025E10,-8.491686775155928E10,1.8624908067037283E11
2.7820250958668955E7,-9.763425346029726E8,1.2849095929846832E10,-7.51550799141025E10,1.648440601249233E11
2.0899679022172693E7,-7.335405199594994E8,9.654678550328674E9,-5.647639382597078E10,1.238868786899066E11
-23939.401718903515,273460.9127160681,3860798.1542317537,-6.622431793286075E7,2.4100143025328395E8
1.6540951370047385E7,-5.806196513614049E8,7.642794959015278E9,-4.4712415248105095E10,9.809192983881143E10
1.4254931641596938E7,-5.0041833746431994E8,6.587650181951017E9,-3.854280258607114E10,8.456395440662807E10
1.2642673793084947E7,-4.438553171637075E8,5.843501461523283E9,-3.419167160080007E10,7.502339958586018E10
1.2140707419574402E7,-4.262449240868202E8,5.611819337726363E9,-3.2837008608999504E10,7.205310818504541E10
9318294.157634368,-3.2722761446332216E8,4.309160514651602E9,-2.52203321479297E10,5.5352611936866394E10
8455793.422804045,-2.969692204617705E8,3.9110888057726784E9,-2.2892819730939636E10,5.024930441333149E10
8755966.03283288,-3.074998251549249E8,4.049625427420538E9,-2.3702831116417088E10,5.2025319652004944E10
8232427.43123275,-2.8913334495307875E8,3.808005811951005E9,-2.2290118953482704E10,4.8927870346054344E10
0.003823623024029534,0.033342099022511396,0.29074403000518445,-3.7854659076540758,82.18581264128308
-22.645965492661972,-188.39980836052686,-141.4546555464095,10723.066775269883,173223.6936356913
-31.907309487972217,-67.32809505392379,626.150008695979,10582.247455072351,89354.29984271582
2.9004106581488594E10,-7.095541566511826E11,5.329245261683329E12,-8.007203038125717E12,-3.262820247955708E13
-2.9881196971312214E10,3.263397977946402E11,5.095007959704177E12,-8.404851714610555E13,3.0187387958631375E14
-1.1881484859354425E10,1.4917533417042966E11,1.5179524182051304E12,-2.898994691690423E13,1.0715505935377186E14
-4.991129507136441E9,1.0325640689167087E11,-4.242040723883064E11,-2.9186664859496953E12,1.8099813136554625E13
-1.9590519640837458E8,5.778850984786216E10,-1.4223454490047327E12,1.2142850679288299E13,-3.4917045184216715E13
-1.7935182463530248E8,2.2356741220733337E9,2.3288233644622726E10,-4.4045770940581287E11,1.6245998800728008E12
-4.139917954926367E8,1.0357844641066127E9,1.6171216965445572E11,-1.9585414083927876E12,6.488998138373658E12
-1.6389391970816746E9,2.4511400954424633E10,1.064125616843146E11,-3.1004319579219614E12,1.2168003888081104E13
1.0961913218928075E8,-4.368770214381371E10,1.0927404054448854E12,-9.382297826032492E12,2.705694760806041E13
7.963047216937238E8,-5.550476596743207E10,1.0886165667867101E12,-8.435967024081573E12,2.2983569541864246E13
-2.3190291773748598E8,-2.699667981967633E10,8.119255033452548E11,-7.386570421573264E12,2.1914482482765703E13
2.847512307797019E9,-1.3252718251746442E11,2.1676857722347737E12,-1.5125202556039156E13,3.847334367676678E13
-7.588712147542007E7,-1.768625158863101E10,4.9722940558831134E11,-4.435908766074062E12,1.303831792868011E13
5.94291405360972E7,-1.821204327676305E10,4.492618755407285E11,-3.8383023709576396E12,1.10408163850207E13
-1.318508916329838E9,3.6471170653957E10,-3.5257147929671796E11,1.3261931070289514E12,-1.3144139183750078E12
-1.2436402067087272E8,-5.795596397040839E8,7.188681901761177E10,-7.91659100570248E11,2.540441141407083E12
-3.5036256984706753E8,1.4551263124629927E10,-2.2080132402417166E11,1.4606492098407056E12,-3.570027556005775E12
-0.1927816475207218,-8.563482054443014,-66.93689905683584,70.17393470547347,11388.715820907335
-268.8983821820888,-2040.6462748211698,38969.37762629786,495089.2174539742,-4372441.676577565
1.5297623551656938E9,-5.328554999947963E10,6.960265265309839E11,-4.0407241132731343E12,8.79677455230992E12
-736.4360988689434,6566.186756408819,36372.57675140256,-182847.7891507058,-1266949.1838209347
1.0051951545624455E9,-3.500939607716653E10,4.5724573314595917E11,-2.65418828216972E12,5.77756184185872E12
-661.3367103001617,6052.351736704828,31745.547351031822,-183746.80056797428,-1000789.1880015649
-446.05449421338767,3036.3229635167063,27456.701973969495,8467.684898079351,-1595716.5686435201
-404.636411913858,2793.2344861021847,24679.778639296164,2780.718485481484,-1413264.7477373658
8.882955672591246E8,-3.0944279457166183E10,4.042351243612273E11,-2.3469548041770845E12,5.109827014353715E12
6.760408268460381E8,-2.355330924462853E10,3.0772421633683417E11,-1.7868510783507659E12,3.8908615051006245E12
4.0608106700091475E8,-1.4154196394514524E10,1.850069840731154E11,-1.0747505458816256E12,2.3413031856274805E12
7.97949482284073E7,-2.794512819394637E9,3.6698939251422455E10,-2.1419236422039807E11,4.687825806584801E11
-1.715132296314388E8,5.954323559667741E9,-7.7516491848863E10,4.4850661573643286E11,-9.731290224253998E11
-7.220235377052443E8,2.5118565061127914E10,-3.276942013075796E11,1.9000251986069446E12,-4.131239988176015E12
-9.947195317018464E8,3.4611315438341385E10,-4.5161270081824524E11,2.6189727817518857E12,-5.695428503064788E12
-1.222412978707922E9,4.253731577835017E10,-5.550764978622096E11,3.2192332242722354E12,-7.001364240620879E12
0.004955538096166437,0.04303095150351008,0.3736552421481469,9.586381909793388,-31.598334605739023
-0.043354059042824536,-0.338497927190788,-0.16827494227217876,31.06769284163196,347.1952408116099
-121.34387527286808,-155.39696679129042,16423.0460346349,66298.56615542954,-1022251.6873771765
-145.30466962667268,408.4533690933504,12187.401041040983,75053.56830563325,-1011850.8579110913
117.8308515588624,-4167.347220337931,12235.138967712817,420139.16726131586,-2512027.706830884
1.44635605491494E8,-4.998510067750213E9,6.4779108225349365E10,-3.7311663488533826E11,8.059039709646912E11
1.892251979934394E8,-6.539212526410819E9,8.474244396967961E10,-4.88080861768735E11,1.0541723440283553E12
4.216547715730855E7,-1.4578806181572518E9,1.890234911499813E10,-1.0892427571089334E11,2.3537614430223117E11
-3.303386872579035E8,1.141316857871981E10,-1.4787068220764554E11,8.51477520390091E11,-1.8386257975438E12
-3.7184306834351397E8,1.2847256680584072E10,-1.664524391228279E11,9.584847157293735E11,-2.0697089264070942E12
-3.267354629556345E8,1.1288670738659376E10,-1.4625758200089056E11,8.421883676923942E11,-1.8185663084372854E12
-2.6572946788041833E8,9.18075819839681E9,-1.1894506626444496E11,6.849038118061172E11,-1.478910144171013E12
-1.7936163814275607E8,6.196535973743422E9,-8.027816622029655E10,4.622332490349538E11,-9.980538566269098E11
-1.5452918017853066E8,5.338514965769411E9,-6.916071654638536E10,3.982114792332494E11,-8.597993753791066E11
-8.79537268849613E7,3.038178303179765E9,-3.935512774380266E10,2.265711814563422E11,-4.891443882019598E11
-4.98972942640954E7,1.7232430384462E9,-2.2317477367010555E10,1.284573405999046E11,-2.772693058301213E11
-2.7894555943726946E7,9.630007409399431E8,-1.2467020979017014E10,7.173215583430852E10,-1.5477257057290842E11
-1.1488864940800259E7,3.96149904697889E8,-5.122354464518965E9,2.9437001836014904E10,-6.343737460678697E10
3422703.278461428,-1.1907460490565763E8,1.5533750477303731E9,-9.005901959745804E9,1.957878903565343E10
1.0287380659646949E7,-3.562623325475755E8,4.626592679144507E9,-2.670330944448819E10,5.779564923962804E10
1.7282375137910176E7,-5.979521139483901E8,7.758134509832943E9,-4.473653335590784E10,9.673758608532022E10
2.069900996468936E7,-7.160027433698297E8,9.2876964289901E9,-5.354460917413135E10,1.1575817842570718E11
2.084382380069927E7,-7.210062936818043E8,9.352526350123737E9,-5.391793491732262E10,1.1656435354743584E11
2.2051320592919376E7,-7.627271410118479E8,9.893093014135315E9,-5.7030802299074356E10,1.2328639184334865E11
2.3872793730676286E7,-8.256615919909407E8,1.070851633265615E10,-6.17264231374916E10,1.3342625087058658E11
2.385438426254818E7,-8.250255212543164E8,1.0700274978275208E10,-6.167896540583969E10,1.3332376963282985E11
6201033.758575229,-2.1508176656909093E8,2.797467023788323E9,-1.6170910184956242E10,3.5053054002593315E10
-5655300.422513116,1.9456676418855962E8,-2.510171804370425E9,1.4392832065630983E10,-3.0946452043552197E10
-1.5191646555147532E7,5.240559894199959E8,-6.779203860251632E9,3.897571517847258E10,-8.403064308500252E10
-2.2896827191918958E7,7.902756672701207E8,-1.0228468104970976E10,5.883794383805805E10,-1.2692088259986768E11
-2.797226020651264E7,9.656348098097721E8,-1.2500491015713182E10,7.192109001706502E10,-1.5517232727830704E11
-3.280644399664823E7,1.1326578469081168E9,-1.4664497570258991E10,8.438217786581569E10,-1.820803830821645E11
-2.747386347977286E7,9.484159597542866E8,-1.2277410293049604E10,7.06365871114827E10,-1.5239877041252457E11
-2.3305267638288107E7,8.043908121198813E8,-1.0411392260154005E10,5.989153498328365E10,-1.2919651593338094E11
-2.0413781373076394E7,7.044904411461542E8,-9.11707115265747E9,5.243851740442999E10,-1.1310298932426634E11
-1.703456317928824E7,5.877397272367568E8,-7.604444262697966E9,4.372849516736064E10,-9.42952900478698E10
0.0021754582224744537,-0.003539511228789546,0.1603998583719158,3.2646954450638512,29.221535422550392
-0.03176284414410659,-1.1394911944237085,3.529781031977931,26.229821591442207,487.28069594931446
-8.42678374705227,-15.359830639086507,1133.2476574091177,4942.258245901097,-70379.81145136675
-23.89548081059265,-281.9786702753066,3935.6933051705205,54627.70038058264,-450750.3428848556
2.4555059836357922E11,-8.396894575531226E12,1.0767786406868806E14,-6.136919230361298E14,1.3116090785128698E15
1.4218116915832626E11,-4.862025358641697E12,6.234797912216673E13,-3.553397414678132E14,7.594430454291834E14
8.613537540869498E10,-2.945466707833927E12,3.777084529367129E13,-2.1526604140712097E14,4.6007047863729375E14
6.0477443936402626E10,-2.0680645118294841E12,2.6519464586831008E13,-1.511407775042354E14,3.230193737291604E14
3.561962166481983E10,-1.2180268644594675E12,1.5619043735031926E13,-8.901603379327256E13,1.9024447432447394E14
-126.82219537487123,1314.2735998731428,4895.278804104977,-54346.0951105933,-36836.43149826332
3.618033630755578E10,-1.2372027655672036E12,1.5864967078093332E13,-9.04177497954804E13,1.9324053359722212E14
2.432342063331119E10,-8.31749798002455E11,1.0665734473974775E13,-6.078620870343417E13,1.2991202709397548E14
1.6596119363146614E10,-5.675122008220532E11,7.277360116886559E12,-4.147522553281032E13,8.86407986358811E13
1.0658765636830307E10,-3.6448344713354974E11,4.673892511405022E12,-2.663764709257519E13,5.693024054741771E13
6.836742755368195E9,-2.337894092786084E11,2.9979918612033E12,-1.708646820228937E13,3.651776426456792E13
-2.4134162360201044E9,8.251815312352023E10,-1.0580268490128854E12,6.029204497344161E12,-1.2884075589454479E13
-6.650371148715242E9,2.273993787509995E11,-2.915832898176459E12,1.6616982887584902E13,-3.5511718102624016E13
-60.61814816207291,454.8559467024204,3326.0910732190273,-4750.574310988573,-162800.78883938756
-44.96162783481459,39.95124199669709,4170.759439554778,32709.44528014787,-369171.17462889076
7792428.729205223,-2.6635827038572195E8,3.414187517810945E9,-1.9450133911477184E10,4.1551397935440765E10
7733584.479829657,-2.643475848732398E8,3.3884235066269655E9,-1.9303410899705162E10,4.123806056256475E10
-17312.587265542126,459475.12656658795,-4203779.656002306,1.4402074057409562E7,-1.0496878126315694E7
-1.2095751731068097E7,4.130944199532669E8,-5.290483231799036E9,3.01132151667127E10,-6.427594599910847E10
-1.6732022922704212E7,5.714806310964459E8,-7.3195428520452175E9,4.166601796793407E10,-8.894251877439668E10
-1.6077651418584215E7,5.491259562117928E8,-7.033163817428127E9,4.003548651479553E10,-8.546118211048897E10
-9723.745137862308,228307.50596330618,-1603134.9494704206,1654908.8429666003,1.2309028184797006E7
-9829954.143776484,3.356933063392034E8,-4.298961753081372E9,2.4468109498639496E10,-5.222362077972058E10
-21673.78086786923,673943.4578572672,-7791643.789057063,3.9623406618737E7,-7.459968652635421E7
-784.7213294835826,12942.712610773107,2103.2699904820565,-912173.7004779237,3749406.307933665
-50.17431777027911,399.54718746155606,1576.3837654700637,11187.726577473173,-192409.2514393638
49.41036874578139,-1379.0650525174074,3047.102911828474,127131.7392328135,-711741.9540496892
1819981.9058218119,-6.220105157783951E7,7.971703038616619E8,-4.5406015503314905E9,9.698360262591946E9
1611608.6995439588,-5.50837800241507E7,7.060082613477644E8,-4.0216466452872047E9,8.590527908716892E9
1857163.2371863103,-6.346940239083983E7,8.133952119674679E8,-4.632845888478471E9,9.895024595657967E9
1908645.6482620214,-6.522709600658645E7,8.358990363623395E8,-4.760897355817476E9,1.016826294377631E10
1991033.972926129,-6.803928027449346E7,8.718947400568329E8,-4.965670298364475E9,1.0605103822955957E10
0.0018071963896489495,-0.022442188274248927,-0.20822869249940454,4.114610362021754,9.258256226608948
0.08032772522456454,0.11582456833397384,-1.2586687737315367,-2.612661423037128,-344.62854635528345
12311.969489961339,-63247.99782425132,-1072497.0370899793,1984638.5287205733,3.51986998504283E7
5.1513426903659815E8,-6.313162048743683E9,-6.032365393389851E10,1.1285689420317239E12,-4.046412285032204E12
-5.730685003106904E8,3.941310990601473E9,1.4514228430837347E11,-1.9141167267960776E12,6.35445490924866E12
-9584395.265703613,-2.397495935978946E8,1.0169614903702934E10,-9.737927774946867E10,2.902364430013949E11
4.0472758674755335E7,-2.012709998775321E8,-1.219933309166742E10,1.5160536692818008E11,-4.9490834441453033E11
2.289938227088882E7,1.0910252913864605E9,-3.7409344609440544E10,3.432466654892124E11,-1.0043332501373455E12
-7.580741250678732E7,4.367609569858269E9,-7.818499730602568E10,5.687056925841965E11,-1.471670767311597E12
8815517.130519163,1.2569464364550843E9,-3.559109915982214E10,3.109668282235403E11,-8.897005950403273E11
-3.8138581411122143E8,1.4967375502313417E10,-2.1596605809005096E11,1.3641405500658638E12,-3.1926282600428413E12
979.1695365599602,-8266.914402816423,-46591.50187163532,195995.5810904159,1666321.0863601787
-31.33711364984466,-353.6894732357187,4942.321249109687,66933.97272191364,-545284.5260683736
-360.7320082871431,308.6642366015071,32538.007008229524,252662.70663500414,-2805345.392444576
-115.0492929993103,1003.5036307393573,5263.022448331761,-27140.088425339523,-165330.51719149904
-115.76922362019826,1010.1824491217811,5292.156841701635,-27326.812120011404,-166192.18518151355
-63.49762346973231,497.34889530092244,3209.5600151087515,-8350.663394605734,-134918.06049883808
-58.954575536681276,591.6811503875837,2245.70566625311,-23194.463265089384,-20744.428474468776
9.484820967031219E8,-3.1981208168781246E10,4.043811000641217E11,-2.2724969079467344E12,4.789012898407104E12
7.009291344336052E8,-2.363476610542513E10,2.988537806778226E11,-1.6795102645134033E12,3.5394584527470054E12
5.3221331056282294E8,-1.7946405998406193E10,2.2693395726033997E11,-1.2753751171808652E12,2.6878599334827065E12
4.195480569708695E8,-1.4147854825451937E10,1.7890797817330466E11,-1.0055073905510853E12,2.1191956700793538E12
-26.493900094593407,223.3171926208181,1232.7929502041898,-5471.468289645765,-41421.995872089596
-7.126975561915305E7,2.3986645841092944E9,-3.0273508332470955E10,1.698130938863515E11,-3.5719763274854956E11
-6.720868638839388E7,2.2619768266679935E9,-2.8548275003340572E10,1.6013519073576846E11,-3.368392300097397E11
-5.920389490989298E7,1.992579291324816E9,-2.5148375743753788E10,1.4106506616492218E11,-2.96727642780909E11
-4.797712383317584E7,1.6147588660134857E9,-2.0380281988313606E10,1.1432151081608977E11,-2.4047767371270633E11
-8664.657829158594,505095.55181736156,-9083179.08597093,6.622112204631768E7,-1.7158155306667775E8
1.2550646098272732E8,-4.2234526046478853E9,5.329639175247537E10,-2.989116529347466E11,6.286610110811451E11
1528.0661268031874,-30253.25238558253,107985.0114440932,966914.7836959056,-5418028.387459143
2.7579153687463534E8,-9.280929589520348E9,1.1711990654320291E11,-6.568782273692756E11,1.3815535203451748E12
2.9166245475696945E8,-9.815022934213028E9,1.2385992396451804E11,-6.946806660028752E11,1.461060882689644E12
2.867052745840627E8,-9.648202763651735E9,1.2175473471200839E11,-6.82873418475026E11,1.4362275550840664E12
2.7499689571789074E8,-9.254190805315287E9,1.1678250985085876E11,-6.549860808582656E11,1.3775743066450654E12
1.7659321164495167E8,-5.942705692446243E9,7.499341413300291E10,-4.206074183902634E11,8.846254235945916E11
1.0404660094762121E8,-3.501370516537005E9,4.418520858668287E10,-2.478167339690649E11,5.212103310026852E11
-0.00505657378403299,0.05602396628003207,0.07611156044799708,0.7999179982744705,8.118465980517076
0.9846282919052491,28.81330965919856,92.43741252179643,-1072.6549838409123,-19140.519128516207
895.5485843669509,3500.5434193835026,-172000.5782472792,55797.088836539595,5134943.451511874
1577.2301039594454,-13244.834827268904,-72947.88560995938,316651.4035901434,2485680.1528514028
1428.2074134669633,-12275.50810408614,-64462.25979725011,319127.8919122006,2033476.8106350414
-917.0832627542668,-612.6542904958646,88600.34104482029,783197.0425597718,-7902208.771785639
-4.394321250809377E10,1.467380880295081E12,-1.83748876910439E13,1.0226417741408625E14,-2.134288625955864E14
-18.988383176426396,-28239.312609589004,158872.74135741778,3295930.2404255043,-2.2065117370331254E7
-80.99189445235288,-24333.039258828623,142958.11516381268,2889241.5390060036,-1.953242454073347E7
1.1480710230469303E10,-3.83329528441918E11,4.799616631514693E12,-2.670901019155819E13,5.5736512826821836E13
1.3877656209302568E10,-4.633671375484739E11,5.801831264434865E12,-3.228657156799982E13,6.7376667429418164E13
2235.656196078649,-5777.823641072787,-175568.67029155753,-1062881.0520232017,1.3611738662223656E7
8.137116970618459E10,-2.7170629803569727E12,3.402198270230181E13,-1.8933744644333334E14,3.95133798599555E14
-2620.5587584104396,115143.14980559004,-397764.1598260823,-1.1332924510230806E7,6.806748590869616E7
-185.56681284089973,82792.48293175126,-443968.6774158758,-9464371.567715654,6.268348035374999E7
4.92514074701113E10,-1.6445551921452717E12,2.059249795645535E13,-1.1460052181760803E14,2.391635161805661E14
4764.165292920785,2859.4038503254815,-458748.2118900212,-4024537.978171619,4.076522160976075E7
-1104271.89039158,1.8511124850010026E7,-521357.90869199054,-1.29165620075773E9,5.412935818054901E9
2.1392195128701782E10,-7.143227005204337E11,8.944670390764656E12,-4.977958075456166E13,1.0388884476574897E14
1.4120823883407578E10,-4.7153065829339484E11,5.904602163933582E12,-3.2861574574667426E13,6.858306720767338E13
642.4904101650391,70638.90280767492,-453620.9488971279,-8689245.573060391,5.993438332773842E7
4.311444965378539E8,-1.4433698811413168E10,1.8120167292238596E11,-1.0110270007281971E12,2.11540281637844E12
4289.169365538632,397.4925672669888,-401032.4834851171,-3368264.393281046,3.500364773862997E7
-7.057107163270274E9,2.3559515900775836E11,-2.9494199956766187E12,1.6410571286206162E13,-3.4240601670951355E13
10138.480543322985,-111745.07989690463,-319963.60434824694,5111590.358756328,-4602738.887969334
-1.153140196093499E10,3.849880156322294E11,-4.819954869781295E12,2.6819804593190133E13,-5.596273209453873E13
32916.26986878568,-502480.86545704014,-259148.68527535987,3.278075081508773E7,-1.2312866857093507E8
-1.306516292976151E10,4.3619804885298315E11,-5.461139599322789E12,3.0387832438702598E13,-6.340840642571592E13
5753.913746508524,-59246.208556902246,-204588.0241294044,2412203.6220159307,643398.0332752261
-1.5225978186946316E10,5.083428433943224E11,-6.364421064971636E12,3.541424516434961E13,-7.389716111491427E13
-1.6542076173368618E10,5.522837965940454E11,-6.914571499084382E12,3.8475576927751266E13,-8.028523708655789E13
1421.1325749206594,-11133.250677135522,-70067.68179232998,189429.31567236088,2876681.234229538
764.4276165802858,-5237.6570698115,-41899.96333381988,14612.241706652872,2132583.4973593266
343.81563276167583,-2708.487652164201,-16906.99837279794,47217.3846048844,690032.179380904
-9.803374576826748,8.993679930825103,807.7432383788519,6108.281291912455,-64855.75546976802
94.22753287435452,-638.6980575832831,-5246.444940072687,572.8431271053432,274829.81828147924
0.01169816230299828,0.00203383036925113,0.7994850494687349,6.609318774478119,-33.89953913565478
0.8823735065398575,0.6673893498882804,30.38525646816482,-82.21788734976994,-5764.155104364672
218.22559870797963,-1568.1983284885869,-5548.1452521577885,-76036.21116210808,874634.4850420645
42016.722994647454,-874639.2656095554,4553209.931622542,9092418.979521897,-8.843425369532344E7
-3.3800016290837395E8,1.1116615766545025E10,-1.3710619221155226E11,7.515476955856238E11,-1.5448446559245522E12
-1.0707478032077263E8,3.5219900234345946E9,-4.344278835238619E10,2.3815632490940973E11,-4.895929892765298E11
4.862468728077388E8,-1.5990997401972536E10,1.9720738641885706E11,-1.0809009770331523E12,2.2216596849826826E12
51853.56235855896,-1442487.612738839,1.457600836023577E7,-6.243033731551144E7,9.273829502143133E7
4.831763320773422E8,-1.5890018614861687E10,1.9596208575192557E11,-1.0740754956140657E12,2.207630865091993E12
2865.917381156846,-45622.06966329977,-5351.960653056071,2968951.087569099,-1.1788364367728945E7
2.6899461900205725E8,-8.846136984675486E9,1.0909194070188313E11,-5.979251605407147E11,1.228937874823726E12
3009.115660126532,-48138.036149033294,-1298.7403776716583,3094173.0698861675,-1.2347930255141262E7
1.454884882597654E8,-4.784358420082101E9,5.8999429963026825E10,-3.2336065049941125E11,6.645926830331943E11
1.0054546563119696E8,-3.3063111632823467E9,4.077125510886223E10,-2.2344970016836758E11,4.592345925493091E11
12536.86416124144,-305415.91374491784,2479668.556551163,-6708775.727629216,-6224.754534497857
5.83724192704193E7,-1.9193658115997467E9,2.3666670014631233E10,-1.2969765055041061E11,2.665363222208166E11
2.0201155454184566E7,-6.640331243519214E8,8.185280137142295E9,-4.4842914947429214E10,9.212646233207669E10
43868.00614979263,-1148146.437749451,1.055680033850931E7,-3.8278105487510934E7,3.875567798348136E7
-1.7453177531723894E7,5.742928888897009E8,-7.08629521622034E9,3.886137228515458E10,-7.991787045648698E10
-3.400463235051769E7,1.11861251120392E9,-1.3799047305892323E10,7.565412151001938E10,-1.5554065626790436E11
-4.171711492018648E7,1.3722481554877913E9,-1.6926963965066843E10,9.279823644821407E10,-1.9077804857890546E11
-4.634306999015111E7,1.5243784351076403E9,-1.880307573582438E10,1.0308116358371574E11,-2.1191311415671606E11
-5.690828673966636E7,1.8718271150236287E9,-2.3087887106124134E10,1.2656601141697899E11,-2.6018258967847003E11
-6.106419176590223E7,2.0084979166524084E9,-2.477333236509857E10,1.358038114761981E11,-2.791693665528784E11
-2.8413664157961328E7,9.347607401693859E8,-1.1531912564770561E10,6.322896756437369E10,-1.3000453441010045E11
-8032051.717621804,2.644999756211149E8,-3.266247010748658E9,1.7925979602454033E10,-3.68927526369545E10
1.1626343615130357E7,-3.8197335834237164E8,4.706021810000199E9,-2.5768667391111244E10,5.291282343011924E10
54.58101951318805,690.3923572196511,-8682.075628479064,-118098.54286955844,924808.5067559795
-2540746.720357112,8.366024883609174E7,-1.0329807023932514E9,5.668482795902594E9,-1.166425173252116E10
-2235984.681620202,7.36431004102796E7,-9.095122874348738E8,4.992115844967335E9,-1.027481935665972E10
-3062238.105734156,1.0079194523829585E8,-1.2440289223238795E9,6.824002429337246E9,-1.4036723571197458E10
-3708088.724266682,1.2200654164573744E8,-1.505344580648049E9,8.254576265784493E9,-1.697358257366357E10
15836.496591366038,-165629.613340203,-2307008.765054662,3.63176988561652E7,-1.2295917522746456E8
16331.507222600914,-175465.54223386938,-2265121.081519732,3.652310560007961E7,-1.2427487251675105E8
-5252002.19431518,1.7269611365364742E8,-2.1294265180851412E9,1.1669477449859015E10,-2.3980741998023483E10
-5893424.714377654,1.937512256973922E8,-2.388604390124361E9,1.3087396738308691E10,-2.688966427941765E10
0.0035313710784625947,0.028747019682935228,1.348827858840141,1.904985907586538,-22.73888559465871
1.6718589020995922,3.048289498944439,90.08069854012058,-628.9448701407244,-9722.430592078661
548.4829263749782,-4809.609690202016,5658.325528971745,-312851.57379577437,2357858.0467222496
534.9047304412338,-3197.988608885612,-29639.901697681653,-29280.30371109458,1578814.2589094262
194.85875724939012,2452.3866437634874,-30264.10987738462,-408633.5907433238,3153477.7309603225
-4.76654251087257E8,1.5457721888133291E10,-1.8798224063585852E11,1.0160233311613512E12,-2.059301096291035E12
4.73081672983414E8,-1.533906022078227E10,1.8650518822432138E11,-1.0078568021848197E12,2.0423787224833765E12
5.387002553238664E8,-1.7466847572461567E10,2.1237891734743024E11,-1.1476884476393936E12,2.325766640230448E12
2.5010553031195912E8,-8.108723459702286E9,9.858510849195819E10,-5.32704044993927E11,1.0794196021186847E12
1.9215394738964814E8,-6.22955910965059E9,7.573471702555319E10,-4.092122352933192E11,8.291477084456144E11
1.790329762107406E8,-5.804093496675489E9,7.05611227909391E10,-3.812523175149951E11,7.724834999056744E11
1.2120472268888476E8,-3.9289365799644747E9,4.7759562429614975E10,-2.5802495781384818E11,5.227486641766156E11
8.481795334810427E7,-2.749050622696331E9,3.341240131505551E10,-1.8048821749254163E11,3.6561164606802515E11
1.3762059996035346E8,-4.461237658824897E9,5.423218069249134E10,-2.9300483275091394E11,5.936388157054517E11
1.2929524484511374E8,-4.1912790374229283E9,5.094955746562789E10,-2.752645519889458E11,5.576862956172977E11
1.5664114707300648E8,-5.077997192292276E9,6.1731781288594955E10,-3.335347771667289E11,6.757766551092778E11
1.5074796470011947E8,-4.886905377230035E9,5.940816888842308E10,-3.2097734348906366E11,6.503278443467537E11
1.0534108786197552E8,-3.4145501587616034E9,4.1504874175474205E10,-2.2422334404471155E11,4.542474011715697E11
8.412507305930796E7,-2.726605520019803E9,3.3139746761648544E10,-1.790161833428935E11,3.6263140934097577E11
1.0529015026538894E8,-3.412896277468539E9,4.148473692576174E10,-2.2411437274649042E11,4.5402626793221704E11
1.0586434146616913E8,-3.431514752601701E9,4.1711128921181496E10,-2.253378435779335E11,4.56505719048693E11
253.366570214151,-1825.7507105314544,-12126.596099883094,17661.300852475317,532210.3369831962
3521611.3531567627,-1.1348424146350706E8,1.3713848081719732E9,-7.36544573172322E9,1.4834349814264814E10
2231208.4503676225,-7.166332849110354E7,8.631187122747885E8,-4.620053253751009E9,9.273422856632801E9
37337.146195638794,-703570.2187069848,2440010.765212104,1.958531442240819E7,-1.0554824199651948E8
1331846.6885713793,-4.25420780146692E7,5.0951669858358276E8,-2.7118054776378074E9,5.411674997469249E9
506244.93479387823,-1.5819654074345278E7,1.8516973918658614E8,-9.621249112002032E8,1.872219548989654E9
73274.9378903356,-1808749.963498777,1.514856909452444E7,-4.515615290987028E7,1.7686550652824804E7
-139098.55276634378,5063448.589272434,-6.824249120897216E7,4.045801170528602E8,-8.918596006945722E8
-297031.7855639807,1.017317282300529E7,-1.3023648262211022E8,7.388645487462307E8,-1.5678038964708538E9
-558612.2818161184,1.863563656755232E7,-2.3290005449488938E8,1.292406095470378E9,-2.6870154052154055E9
-1311852.1505657218,4.300253193857106E7,-5.284937025646329E8,2.8860974318971367E9,-5.909132575983385E9
-2095411.444942707,6.83491207296932E7,-8.359582886053972E8,4.5437168549826355E9,-9.260349073710815E9
-2799225.4932163525,9.111529904526256E7,-1.112111568995884E9,6.032475742037589E9,-1.227007120574445E10
-3245486.587678884,1.0555003594720641E8,-1.2871996341308377E9,6.976358938162244E9,-1.4178200472295744E10
-4048396.5023825862,1.3152029424487706E8,-1.6022017729754794E9,8.67446470455149E9,-1.7610962982125404E10
0.0014375825383276441,0.011542569130246885,0.09267704536917774,4.775874603779447,-10.270137421605309
-0.1633335301421242,0.21090295060525133,-0.25371976192836965,66.3832107457649,99.00784331735662
-47.464933835269875,162.76278608893915,2094.5996521818347,32557.96418149637,-283383.1634012486
-15657.549008917415,308691.00005473243,-1408782.41700872,-4661207.679543559,3.353531808825828E7
9.180263624450042E8,-2.9318840487522503E10,3.5112935362804626E11,-1.868970325300612E12,3.7304943192573843E12
8.125209750010008E7,-2.595141601993402E9,3.1082519833993004E10,-1.6545742962749887E11,3.3028207655415784E11
-7.188335946782227E7,2.2954714762733665E9,-2.74880648103848E10,1.462956380211547E11,-2.9197611171975275E11
2.7240400521255396E7,-8.701903113312371E8,1.0424220637770367E10,-5.549933189124608E10,1.108052932312077E11
2847428.605440167,-9.116672824102989E7,1.0945739708764658E9,-5.840705334728361E9,1.1687205886404762E10
-1.6251632428437669E7,5.1878715369828427E8,-6.210265582423591E9,3.3040460245945126E10,-6.591902090505383E10
9341976.321315115,-2.985769582543526E8,3.5785083552690496E9,-1.9061725407627747E10,3.807593619076668E10
2849806.9443012523,-9.124182623028149E7,1.0954630420557704E9,-5.845382498570529E9,1.1696431136187294E10
-1.0831659988580646E7,3.45691003938534E8,-4.1372314402367735E9,2.2006270868420044E10,-4.3894669421720726E10
4621109.894525917,-1.4780911543681017E8,1.7728963463578591E9,-9.451024381960155E9,1.8893029917506985E10
1.8603682481636327E7,-5.943557896243018E8,7.120698308975228E9,-3.791520378152359E10,7.570641937303137E10
1.7913291198481448E7,-5.72307550676003E8,6.856651337167069E9,-3.650979272403065E10,7.290128146311626E10
3.464016297773574E7,-1.1064929272283604E9,1.3253969269836557E10,-7.055992169283453E10,1.408636115088778E11
3.504786825335091E7,-1.1195132628490102E9,1.3409898198679142E10,-7.138986054257469E10,1.4252012188970667E11
3.487644659343548E7,-1.1140388212314699E9,1.3344337643067772E10,-7.104091287417538E10,1.4182364511248126E11
3.3210453013079923E7,-1.0608345891912954E9,1.2707178830311045E10,-6.764962947496524E10,1.3505488483588036E11
2.351955402472227E7,-7.513527618740747E8,9.000927266916822E9,-4.792315362770722E10,9.568240478543102E10
1.6203277956117043E7,-5.177062365615192E8,6.202865996136637E9,-3.3030572350547012E10,6.595812171543509E10
1.4780840417904088E7,-4.722806600736268E8,5.658869206263067E9,-3.0135182238816406E10,6.017920436829247E10
1.0402044331055958E7,-3.324444062927662E8,3.984259971302014E9,-2.122222056875601E10,4.238988888148047E10
4552908.80577688,-1.4565406809078702E8,1.7473640912722309E9,-9.316601531081059E9,1.8627678854437965E10
6041625.488314354,-1.9319549935940012E8,2.3166901748126016E9,-1.2346755915916346E10,2.4675473864308865E10
2965350.775113151,-9.495681580174598E7,1.1402534346815462E9,-6.085384525875637E9,1.2178669356303408E10
-1337310.071554517,4.24447193876412E7,-5.05158627623506E8,2.671963379338949E9,-5.2996290866457E9
488817.1731710684,-1.5870547520213755E7,1.931736481321937E8,-1.044730490634608E9,2.1182556870891955E9
-906338.4805933225,2.868178552609318E7,-3.40341615535709E8,1.7947446442903008E9,-3.548805479363443E9
-3961748.024635692,1.2625116420873427E8,-1.508727365095316E9,8.01307485756804E9,-1.59593236066772E10
-1800707.67058325,5.7242597752335824E7,-6.823627132328027E8,3.615074413270171E9,-7.181893036171832E9
2501401.0430892482,-8.013541344336466E7,9.626969718991706E8,-5.140021303615311E9,1.0291157291140247E10
3772432.404100144,-1.2072247053609857E8,1.4487094750461788E9,-7.7265786965538845E9,1.5453245009919619E10
1.2497823173710283E7,-3.993418384804683E8,4.785018694944475E9,-2.5482208399062073E10,5.0888408350966255E10
1.3969243145415068E7,-4.4632669546386933E8,5.347629075493755E9,-2.8476350139814415E10,5.6863788493101204E10
0.005521936702953361,-0.022691183475210215,0.34747875828222136,-1.3577330013335467,21.865786218226063
9.918378950407067,302.878607981377,-408.9106075977285,-12933.898975029064,-62089.97992882093
7843.845059010645,-19837.876654774947,-550046.8458003537,-3132407.9462439334,3.830366881991595E7
2.815721625998667E7,-5.743187210364172E8,3.0480857063441467E9,3.8398376941130204E9,-4.707680485519778E10
4473.100311210632,-188986.23284668475,621799.6278550479,1.681444758134053E7,-9.58859624057861E7
-252.61516199849808,-2399.4313602609354,33761.0359227435,418253.5183525254,-3244247.793648332
-647.6631551883935,367.4815386741175,52189.8098037407,390373.589716751,-3999621.9000069625
-1199.7993739472035,581.766810502239,97208.15261965347,733346.5123803644,-7473790.266906668
-106.06714451492901,-217.8989305631343,10024.063921331017,92970.83860901612,-839471.5141177005
698.0435750691586,-5665.366587293227,-28399.151873793704,129494.14845556441,823792.6335462886
940.8426221957237,-5551.34567590187,-49266.794260536844,-43512.42454949083,2490977.9104279196
-159.87373121199028,15651.656686195032,-68160.48944905707,-1546502.6145697362,9377152.52314917
1.675155709685388E10,-5.3043797479962256E11,6.298611325200829E12,-3.324084081100398E13,6.578546767859931E13
1.043811637173851E10,-3.3050235401141876E11,3.924260114359753E12,-2.070894793077335E13,4.098161721875352E13
1.1051157737496147E10,-3.4991612947793365E11,4.154807892177626E12,-2.192577484949253E13,4.339001041999675E13
2295.2562184024573,-23282.906278047747,-67234.3585732598,886721.1345892393,-269607.9135062252
1369.8579601157012,-10226.42961056363,-60437.92262410263,160856.76269097693,2207635.0017261496
1347.3313638089298,-10591.483233535697,-56636.87182031675,214029.47313345742,1818073.315058083
1191.5044823939963,-9489.258748157754,-49449.15257943046,202265.29241236448,1525930.9442581409
728.547289567375,-3888.3561220973615,-40355.63568419956,-75965.16866060192,2198182.412221829
8.458323226248538E8,-2.6736899184641365E10,3.169336551348307E11,-1.6697154115329219E12,3.298732623426334E12
1088.7015120562412,-8949.278184232957,-43705.43722833463,213837.35533436917,1210232.4541882526
1033.45943397676,-8641.497094136497,-40714.104374943556,218246.9795232687,1052127.2197647505
4.476715333726203E8,-1.4129032697371838E10,1.672220594088613E11,-8.796078511640715E11,1.7350531999930967E12
670.1143542749754,-3594.8774020004785,-37019.90824726963,-67990.78961740452,2009902.099953875
669.0927453088545,-4128.569335307259,-34112.03943001729,-11656.988695401924,1650494.7874065354
739.5819704682683,-4359.4578595901285,-38782.548141868196,-34196.14042033941,1959321.9463434406
598.2691526574838,-3097.738962576278,-33641.211234655304,-72368.53508429349,1868350.486156005
567.1841906298212,-3602.964029080683,-28370.063946835606,859.4537536301941,1331048.4410561156
561.1510752948436,-3549.280130405594,-28148.98645521311,-760.9028608251465,1327082.5720405555
527.0743821104273,-3515.740042105624,-25476.88965566693,18255.09731135826,1126282.8372202092
496.5223743642408,-3666.7154954216576,-22123.520392302664,54180.48809614478,826625.3669122946
497.7618930906809,-3417.045335216079,-23547.05247710159,27317.702673473046,999759.0231734342
462.0891177553474,-3467.0301027497526,-20299.77656299078,56095.62765550965,733340.9732859563
422.65629342929475,-3438.7597883556664,-17152.01007313286,79197.17036668898,494039.37393086817
424.75175383395754,-3534.2627106873842,-16821.30499860663,87758.18740078548,444692.85742208734
0.004369802197893488,0.034504928204702114,0.272458572835536,2.1513933740473896,-22.951518672732828
-0.004966473717968197,0.015516983092369294,0.2800394981666413,2.4333583191791552,19.99308026472636
-38.015447658011496,293.1748052488004,1024.1427057440123,3737.487506552473,-89874.55776840556
-27124.617602237646,540159.6474725308,-2675562.6359921084,-5366839.020799588,4.871076831560177E7
-1.561598841601966E9,4.90956356976727E10,-5.788225921935642E11,3.03293741739532E12,-5.959510610897321E12
-7.939211688357944E8,2.4960234210287262E10,-2.9427211032865845E11,1.541930990449524E12,-3.029771950611669E12
-1.6814055420245442E8,5.286037866408037E9,-6.231853331720699E10,3.265273383378672E11,-6.415803116183033E11
-8.735871994090521E7,2.7463064420201216E9,-3.237582709275175E10,1.6963212540140466E11,-3.3329168189211255E11
-1.0347468085751846E8,3.25298136959822E9,-3.834936733833011E10,2.009325016216799E11,-3.947947086202554E11
-779017.1417877395,2.4305991907154437E7,-2.843680960192905E8,1.4785478587232482E9,-2.8826390345714946E9
-1169949.0787029106,3.6596577754544154E7,-4.2926969663791925E8,2.237805477002531E9,-4.374520419288678E9
-1.1217695036750788E7,3.524887814554126E8,-4.153515442993054E9,2.175211220606474E10,-4.271849087963341E10
1.325885084497718E7,-4.170301468646165E8,4.918789538165785E9,-2.578484133793309E10,5.068738668333856E10
1.2280325063078472E7,-3.8626631984801817E8,4.556097850016097E9,-2.3884418626770256E10,4.695323486033629E10
6926358.988769632,-2.1794373574623236E8,2.5716562822042894E9,-1.3486423623645964E10,2.652221526443824E10
2.036135042336122E7,-6.403232524997617E8,7.551290599156553E9,-3.9578426208393684E10,7.779023206733064E10
2.1742810535854366E7,-6.837545083132156E8,8.063320788647435E9,-4.226132385411797E10,8.306182394995297E10
2.0069701621273927E7,-6.311543944654837E8,7.443197138435227E9,-3.901205792050089E10,7.66774053266107E10
2.350982842840262E7,-7.393065620803604E8,8.718241046400776E9,-4.569288761752646E10,8.980438442812238E10
2.309174976496245E7,-7.261628821062398E8,8.563286229795546E9,-4.488097642448494E10,8.820908905704942E10
2.1570836963085767E7,-6.783481992633132E8,7.999587090903E9,-4.192739598189008E10,8.240573108678246E10
2.7881620922723252E7,-8.76746559402305E8,1.0338542634740828E10,-5.418261826185479E10,1.0648534605435042E11
2.5037578958922144E7,-7.873360941523315E8,9.28447172148693E9,-4.865972517730878E10,9.563377649091972E10
2.504839061984432E7,-7.876759851552532E8,9.288478690983301E9,-4.8680719783454094E10,9.56750269265265E10
2.1400996593058817E7,-6.730113345178453E8,7.936700195402282E9,-4.1598052542208595E10,8.175893622113571E10
2.08144953222446E7,-6.545733813083552E8,7.719337221817014E9,-4.045918361374295E10,7.952129205552078E10
1.9332271301562905E7,-6.079767901367629E8,7.170019577764403E9,-3.758106779760079E10,7.386642912467838E10
2.4311473607902627E7,-7.645063561173136E8,9.015298785631683E9,-4.724921170330321E10,9.286203798538257E10
1.951452129240295E7,-6.137075201915743E8,7.237593881723278E9,-3.793520260517006E10,7.456239001940639E10
1.628581170046905E7,-5.122095842308826E8,6.041088858346353E9,-3.166636321455218E10,6.2245846506236115E10
1.3260237849509288E7,-4.170984713529869E8,4.919886887167657E9,-2.5792122509547985E10,5.070470663121633E10
1.1124205554596234E7,-3.499515326942054E8,4.1283453699438624E9,-2.1645099239906162E10,4.255713249130266E10
8595142.635708455,-2.7045053488521546E8,3.191183524648472E9,-1.6735207633300396E10,3.291088765872763E10
1.0500459575828325E7,-3.303432933762893E8,3.897192905465478E9,-2.043401665543009E10,4.017767431637511E10
8798553.644005852,-2.76845437098179E8,3.2665750397450733E9,-1.713023424571132E10,3.368706210689882E10
4539430.554044216,-1.4296583809980884E8,1.6884635877830095E9,-8.862696056672373E9,1.7444901452432182E10
0.004653918902868383,0.036353028618907685,0.28396341177165874,2.2181155817939517,-23.638554079919253
0.09477689081400711,0.5581947217211163,-2.2620228426667244,-27.527353891608065,-220.18225827133585
1081.3488402544806,-6649.629891094939,12419.880853081748,-1032780.427895237,6453052.904953543
609.6683878089897,-3634.505941759872,-30564.213971177025,-17038.553068610207,1460529.9032871735
-7361.108054442093,130778.05334325871,-81521.33907560125,-8625074.058807477,3.7421541850240946E7
3790.577473582578,-9505.420335969142,-258055.53345237055,-1435423.735035079,1.7376315072252546E7
-3823.294141844404,105593.9776875134,-238475.0182723764,-8296037.987004217,4.3259974395429686E7
-1.5418713065283095E7,-3.0067518632205534E8,1.265727228561502E10,-1.1330618964771361E11,3.134782981121876E11
-5.327841746528566E7,4.25021973015919E8,9.491835164571411E9,-1.2451396461759866E11,3.892410073800458E11
-2.4102235882744555E9,7.457341795346364E10,-8.651948019287518E11,4.461004440951162E12,-8.624891416767084E12
-1.4733333836337062E7,1.4089555787677023E8,2.078981657760847E9,-3.0181399181090412E10,9.660291882373106E10
-1.0767997844039412E11,3.357445179778525E12,-3.925671419199054E13,2.04002843972286E14,-3.9754797329106256E14
-1.9018637186923672E12,5.9297265464087945E13,-6.932996560434336E14,3.6026706726977885E15,-7.020356888669765E15
1271.3673736027743,-10262.711177174991,-49774.037606934275,235867.80631655786,1352728.629856925
1.9198630703705646E7,-1.4263324509355444E8,-3.665185889417533E9,4.676726674152921E10,-1.451717190499165E11
833.9589336590607,-4320.468858225644,-45199.20842159909,-89784.5150204106,2413652.980603161
767.0047863892203,-3889.6311799423493,-42008.223539216815,-91105.22078842741,2273192.630047537
1281.7700702719444,-8589.804142177845,-59311.68553965252,59562.53983694955,2475789.023463588
1195.821042309888,-9179.154808613122,-49268.07614410225,173602.47449125996,1573047.1162000971
1084.3986980295415,-8599.463170350013,-43242.65042240832,185303.57131804124,1252530.9429555405
1259.26452914988,-8552.367458585757,-57673.788055729674,69904.81467621023,2361008.987190871
1229.0727214264696,-7261.789165548576,-61941.391724252535,-41764.45793867012,2990977.0393160777
1307.3496055197477,-7513.740301388058,-66977.51584961274,-65797.67182170991,3314653.2152209384
1.08641891457112E11,-3.386873398990859E12,3.959420515423209E13,-2.0572237547170906E14,4.008320627084994E14
903.7841689519013,-7277.715215732295,-35461.94269892547,165501.62112061874,974919.1441425988
524.0293560047071,-3464.982743927127,-24500.509285868568,19443.374508678404,1043609.6434972952
511.8785752632121,-3396.4172246754606,-23871.073641044357,20173.34503667953,1012059.5776626491
462.0342959596103,-3585.468666488735,-18841.28605302636,70820.02697242016,585219.132941344
445.1109183391485,-3488.957197172438,-17970.069662017147,71736.08150881896,541911.7750777577
556.8820642146113,-3512.4104376681607,-26916.947227971737,3443.9658839669282,1216322.3695080238
573.3695284964061,-3403.54341853052,-28821.408637832727,-18008.54997601037,1386827.024042984
569.1544305020373,-3422.8117367946093,-28378.626402485275,-13399.170231082833,1348681.2278030007
5.3268751199797325E10,-1.6605088324040112E12,1.94106852012797E13,-1.0084578691521742E14,1.9647425685552325E14
432.80032373621736,922.7295835280829,-39942.66463184454,-367284.89982920553,3255070.682901199
529.7312962225842,466.6213738932738,-45438.9811840415,-382269.79275923583,3564002.635437006
464.9371786131568,697.090591521327,-41379.271950121554,-364688.89183938317,3310347.019253417
2.668241269085752E-5,2.0768784199832376E-4,0.52538823773574,2.6570167824249156,20.12488532783789
0.24982739733394843,0.6550508601569717,-4.75923595094866,-52.08479848331285,-459.35307493261007
935.969360170825,-3123.3176151424245,-39505.23837322563,-575595.1100769988,4911073.384032257
-3.049375747994871E8,2.3991290573025374E9,5.439617263294767E10,-7.076606600917372E11,2.2005064019463545E12
-1.8184919512341592E7,6.015603036983322E7,5.175549511869333E9,-5.720133319857933E10,1.7005436600657803E11
-3631874.8903334793,4.783377015613816E7,1.9989404973108715E8,-4.955117440328291E9,1.7232154201808834E10
-8949871.796911335,2.183150213496524E8,-1.8475391904878716E9,5.963286389942082E9,-4.583180540983654E9
-3.417602614388239E11,1.0609200526688307E13,-1.2350217174563153E14,6.389745892386296E14,-1.2397194744011605E15
-6.501739092599808E11,2.0182966218946715E13,-2.3494774843934162E14,1.2155550589410065E15,-2.3583530648305255E15
2.41063656868784E8,-7.288149237901237E9,8.25690137645634E10,-4.154317634613906E11,7.831762867608538E11
1948.3332937910072,-11348.04183580776,-97995.75508877802,-76471.24246591402,4732344.317122536
2067.24287257573,-12489.119264790517,-101647.71104148641,-36123.81717332304,4741185.456291223
1794.742321542418,-11499.886735829969,-84840.65888190846,34626.76855412393,3705964.241693835
806.0026095967651,-5306.489787237246,-37366.51121460877,29771.40103392332,1576116.3116521686
314.4884703749883,-2576.420149247141,-11960.442239545633,62422.051954635404,299449.0023089464
6.7796136227554005,-46.227341488081436,-313.12331708208785,358.13912083551236,13170.391437660113
2.6695154563190013E7,-8.260438864909005E8,9.585218346176361E9,-4.943281270355752E10,9.559976947795755E10
2.8391217258698106E7,-8.785420400701094E8,1.0194579564136005E10,-5.2576363353341064E10,1.0168104626842862E11
-1.5920653352800945E7,4.928843868029547E8,-5.722134445573031E9,2.952474044737793E10,-5.7127199830937454E10
12741.840201419422,-148118.68643226937,-1147545.4165900804,2.075110318789155E7,-6.891582842318134E7
14648.01579359068,-179969.0829108308,-1093826.1753512067,2.210828174184331E7,-7.471114809113875E7
-8.061369093401252E7,2.495015347338746E9,-2.8957837679382706E10,1.4937356429892566E11,-2.889414522584726E11
-9.388062910039382E7,2.905593977087556E9,-3.3722699841652153E10,1.7395000137844092E11,-3.364767116026388E11
-9.222194186332788E7,2.8542619847562985E9,-3.312698270201258E10,1.7087739702324283E11,-3.3053376886841595E11
-1.8565965230119206E7,5.748132108301156E8,-6.673672086288426E9,3.443642936553391E10,-6.6634673917441826E10
-4610816.935026799,1.4294154214992118E8,-1.661761460600774E9,8.58607626559113E9,-1.6636057557753363E10
1.2734286588939888E7,-3.938376317364049E8,4.5675888984682865E9,-2.3543456561263012E10,4.550725546316211E10
4.5727422824582905E7,-1.4148732780862405E9,1.6416721017719076E10,-8.465830331882509E10,1.6371209176975925E11
4992.796316595655,-78101.6169958305,13144.816331131897,4572769.389380915,-1.7884844587841786E7
-12.61331109149954,-88.66617425916046,1483.1274735321306,16471.53936378085,-129881.03412739921
-35.07028836524358,267.1160295685603,1447.0734507160148,-5264.962869600751,-43855.12243134063
-2401.1099107447185,33526.76113446438,79744.91678568676,-2806355.7854831936,1.001548658223682E7
2547277.5876557073,-7.872878409337477E7,9.124632447608669E8,-4.700109522439826E9,9.078730249691902E9
2793100.301483511,-8.63317023937381E7,1.0006425072145299E9,-5.154643801105979E9,9.957337231108864E9
2884417.6324369865,-8.915515300612351E7,1.0333791880845983E9,-5.323339020418715E9,1.028332280156541E10
-4926.282997430097,69003.45187477245,163765.19327837415,-5799326.061869742,2.0760264905281894E7
-1.1348683959566906E-4,-8.689437188755367E-4,0.25431856367683214,3.7740092135739642,27.640277725537793
0.31745964581255337,1.9603956751221312,9.442346731846664,-132.20792093662564,-1441.736518449093
18.497523315036215,-51.84565090948725,-1010.2691036017901,-7573.007747926347,76980.01803634554
-10439.867505289982,99756.88371132588,1365380.0490428563,-1.9707951554401763E7,6.195489581939089E7
1.9054292050551355E7,-5.803663877262957E8,6.628892959957243E9,-3.365079177603296E10,6.4058811081480194E10
-7.235817016715139E7,2.2028734759065433E9,-2.51489429547718E10,1.276040143597766E11,-2.427935501988779E11
-7831578.236268699,2.3823348863737044E8,-2.7175791136062346E9,1.3777603099768625E10,-2.6193348694356262E10
3.655642700232759E8,-1.1130517239895933E10,1.2708533689293962E11,-6.448968400548329E11,1.2271949098818699E12
2.789317952653541E8,-8.492831993138192E9,9.696958843379971E10,-4.920772581320165E11,9.363959863923777E11
2.342134273871797E8,-7.131302138216E9,8.142436994471896E10,-4.131946714252083E11,7.862914237066974E11
2.653345565801503E8,-8.078837680121614E9,9.224279660637065E10,-4.6809151175337573E11,8.907535893270012E11
2.3690069319893637E8,-7.213122669194072E9,8.235857548023796E10,-4.179353146212046E11,7.953125461746895E11
2.1368818983429873E8,-6.506382284114004E9,7.428945383042548E10,-3.7698971305687427E11,7.173983357593444E11
1.612876965927708E8,-4.910972939352123E9,5.607411270545857E10,-2.845588260067942E11,5.415147328229463E11
1.0585847856480367E8,-3.223354481701477E9,3.6806043476561935E10,-1.8678631703778506E11,3.554672759837286E11
7.810599359499274E7,-2.3783946065041184E9,2.7158900657079117E10,-1.3783369530133997E11,2.6231754266076544E11
6.618080996429543E7,-2.0153183131303346E9,2.3013570569250027E10,-1.1679906100953642E11,2.222918164659495E11
5.391502633246878E7,-1.641873324865449E9,1.8749873170322636E10,-9.516387015212857E10,1.811234637713137E11
4.717146505290463E7,-1.4365590902608168E9,1.6405767362307959E10,-8.326926653780542E10,1.5848999414997165E11
4.3903920225745074E7,-1.3370759213174524E9,1.5269956386639172E10,-7.750588834522148E10,1.47523278831465E11
2.615925668768027E7,-7.968268887126652E8,9.101896018268124E9,-4.620779827403829E10,8.796866062947383E10
1.5159758359960042E7,-4.61940766068899E8,5.2784953818438015E9,-2.6807113343322548E10,5.105282525235348E10
1.7380328959025268E7,-5.295469955901029E8,6.050353052099625E9,-3.0723651171439873E10,5.85052192081339E10
1.429264213718355E7,-4.3554153884941405E8,4.977102163407006E9,-2.5277821712736603E10,4.814294239241021E10
1.3217237727753315E7,-4.028007449175304E8,4.603305889595591E9,-2.3381136270199795E10,4.453396616508756E10
1.5685753039042354E7,-4.7795446580381E8,5.461318185994713E9,-2.7734762212535152E10,5.281790863969233E10
8525580.789767055,-2.599651365822029E8,2.972602092137522E9,-1.5106893798655249E10,2.8790159166628788E10
4324758.256688257,-1.3207326324225599E8,1.5125111283241777E9,-7.698374069944491E9,1.469365837546911E10
7659394.399391077,-2.3359374741395593E8,2.671521311292831E9,-1.3579160138614834E10,2.5883188600685276E10
7693945.247706447,-2.3464561565978283E8,2.6835299094534407E9,-1.3640091072158325E10,2.599912283270202E10
7873131.44868088,-2.4010070773805395E8,2.74580694621701E9,-1.3956077434329674E10,2.66003478845649E10
1.0324081437168514E7,-3.147160108520429E8,3.597630587710992E9,-1.827808983640344E10,3.482373341967313E10
8859375.376546554,-2.7012581097569275E8,3.0885850016677575E9,-1.5695303599947924E10,2.9909581629457043E10
8662336.59707162,-2.6412740272785613E8,3.020107384343055E9,-1.5347866825784883E10,2.924853630740624E10
1.0572073757685162E7,-3.2226440558533925E8,3.6837892933728433E9,-1.8715167020412212E10,3.565520096128372E10
1.1735649735935533E7,-3.576860178722467E8,4.088151163174779E9,-2.0766738126436523E10,3.955849478531928E10
