29.0,161
29.0,182
29.0,109
29.0,54
29.0,124
29.0,222
29.0,159
29.0,187
29.0,112
29.0,55
29.0,105
29.0,237
29.0,159
29.0,186
29.0,117
29.0,54
29.0,115
29.0,252
29.0,157
29.0,189
29.0,120
29.0,55
29.0,118
29.0,257
29.0,160
29.0,194
29.0,120
29.0,56
29.0,117
29.0,253
29.0,162
29.0,193
29.0,120
29.0,59
29.0,115
29.0,250
29.0,163
29.0,195
29.0,119
29.0,61
29.0,107
29.0,244
29.0,166
29.0,196
29.0,118
29.0,66
29.0,98
29.0,230
29.0,174
29.0,196
29.0,114
29.0,72
29.0,86
28.0,214
28.0,179
28.0,192
28.0,114
28.0,79
28.0,64
28.0,207
28.0,185
28.0,191
28.0,107
28.0,79
28.0,81
28.0,206
28.0,184
28.0,188
28.0,108
28.0,83
28.0,75
28.0,199
28.0,185
28.0,184
28.0,103
28.0,84
28.0,96
28.0,195
28.0,186
28.0,181
28.0,100
28.0,88
28.0,103
28.0,186
28.0,185
28.0,178
28.0,99
28.0,89
28.0,116
28.0,182
28.0,182
28.0,173
28.0,98
28.0,91
28.0,118
28.0,175
28.0,184
28.0,168
28.0,98
28.0,95
28.0,125
28.0,161
28.0,184
28.0,152
28.0,126
28.0,108
28.0,22
28.0,142
28.0,184
28.0,150
28.0,128
28.0,115
28.0,23
28.0,163
28.0,185
28.0,143
28.0,130
28.0,114
28.0,26
28.0,127
28.0,187
28.0,144
28.0,135
28.0,118
28.0,30
28.0,115
28.0,186
28.0,147
28.0,138
28.0,119
28.0,33
28.0,108
28.0,183
28.0,146
28.0,138
28.0,125
28.0,36
28.0,110
28.0,181
28.0,146
28.0,135
28.0,131
28.0,35
28.0,117
28.0,177
28.0,151
28.0,134
28.0,137
28.0,35
28.0,122
28.0,173
28.0,158
28.0,129
28.0,146
27.0,39
27.0,106
27.0,172
27.0,155
27.0,130
27.0,147
27.0,38
27.0,114
27.0,175
27.0,162
27.0,133
27.0,147
27.0,37
27.0,170
27.0,179
27.0,165
27.0,134
27.0,149
27.0,37
27.0,180
27.0,180
27.0,164
27.0,137
27.0,151
27.0,40
27.0,111
27.0,182
27.0,167
27.0,137
27.0,152
27.0,41
27.0,102
27.0,185
27.0,173
27.0,137
27.0,153
27.0,41
27.0,102
27.0,188
27.0,176
27.0,136
27.0,156
27.0,42
27.0,103
27.0,188
27.0,181
27.0,139
27.0,153
27.0,43
27.0,99
27.0,195
27.0,184
27.0,141
27.0,154
27.0,43
27.0,102
27.0,199
27.0,188
27.0,145
27.0,154
27.0,45
27.0,106
27.0,58
27.0,168
27.0,116
27.0,174
27.0,114
27.0,163
27.0,48
27.0,164
27.0,123
27.0,177
27.0,104
27.0,163
27.0,47
27.0,165
27.0,122
27.0,183
27.0,105
27.0,167
27.0,45
27.0,169
27.0,121
27.0,186
27.0,104
27.0,167
27.0,46
27.0,171
27.0,122
27.0,188
27.0,98
27.0,175
27.0,73
27.0,173
27.0,50
27.0,184
27.0,111
27.0,172
27.0,53
27.0,176
27.0,49
27.0,179
27.0,110
27.0,170
27.0,77
27.0,172
27.0,55
27.0,181
27.0,106
27.0,173
27.0,51
27.0,177
27.0,54
27.0,175
27.0,111
27.0,174
27.0,73
27.0,176
27.0,56
27.0,176
27.0,115
27.0,178
27.0,51
27.0,175
27.0,64
27.0,171
27.0,115
27.0,182
27.0,73
27.0,171
27.0,58
27.0,176
27.0,118
27.0,183
27.0,73
27.0,168
27.0,46
27.0,174
27.0,125
26.0,185
26.0,50
26.0,165
26.0,44
26.0,164
26.0,124
26.0,187
26.0,51
26.0,165
26.0,44
26.0,163
26.0,124
26.0,190
26.0,78
26.0,162
26.0,43
26.0,168
26.0,124
26.0,193
26.0,76
26.0,158
26.0,43
26.0,167
26.0,127
26.0,193
26.0,75
26.0,158
26.0,47
26.0,164
26.0,129
26.0,194
26.0,70
26.0,155
26.0,52
26.0,159
26.0,132
26.0,193
26.0,73
26.0,154
26.0,52
26.0,183
26.0,134
26.0,192
26.0,47
26.0,151
26.0,52
26.0,171
26.0,136
26.0,191
26.0,75
26.0,145
26.0,101
26.0,175
26.0,135
26.0,188
26.0,44
26.0,145
26.0,98
26.0,160
26.0,135
26.0,192
26.0,75
26.0,154
26.0,100
26.0,165
26.0,132
26.0,182
26.0,78
26.0,154
26.0,100
26.0,162
26.0,129
26.0,172
26.0,79
26.0,149
26.0,101
26.0,162
26.0,127
26.0,165
26.0,81
26.0,141
26.0,100
26.0,159
26.0,126
26.0,157
26.0,77
26.0,137
25.0,74
25.0,165
25.0,126
25.0,160
25.0,84
25.0,136
25.0,70
25.0,159
25.0,126
25.0,149
25.0,78
25.0,128
25.0,76
25.0,163
25.0,111
25.0,151
25.0,89
25.0,121
25.0,46
25.0,154
25.0,100
25.0,152
25.0,81
25.0,102
25.0,75
25.0,159
25.0,103
25.0,147
25.0,87
25.0,102
25.0,66
25.0,153
25.0,97
25.0,161
25.0,91
25.0,92
25.0,73
25.0,158
25.0,95
25.0,144
25.0,93
25.0,89
25.0,70
25.0,155
25.0,92
25.0,145
25.0,176
25.0,60
25.0,94
25.0,170
25.0,121
25.0,116
25.0,176
25.0,64
25.0,96
25.0,171
25.0,121
25.0,114
25.0,177
25.0,66
25.0,98
25.0,172
25.0,121
25.0,113
25.0,176
25.0,66
25.0,100
25.0,173
25.0,121
25.0,114
25.0,176
25.0,72
25.0,102
25.0,174
25.0,122
25.0,113
25.0,174
25.0,76
25.0,101
25.0,175
25.0,128
25.0,113
25.0,109
25.0,80
25.0,80
25.0,174
25.0,101
25.0,123
25.0,109
25.0,85
25.0,96
25.0,177
25.0,101
25.0,123
25.0,111
25.0,88
25.0,104
25.0,176
25.0,101
25.0,127
25.0,111
25.0,94
25.0,110
25.0,170
25.0,102
25.0,131
25.0,112
25.0,97
25.0,116
25.0,166
25.0,104
25.0,136
25.0,110
25.0,103
25.0,117
25.0,159
25.0,104
25.0,142
25.0,110
25.0,113
25.0,120
25.0,157
25.0,106
25.0,146
25.0,109
25.0,121
25.0,122
25.0,149
25.0,107
25.0,149
25.0,109
25.0,133
25.0,123
25.0,143
25.0,108
25.0,152
25.0,110
25.0,123
25.0,124
25.0,142
25.0,109
25.0,156
25.0,110
25.0,109
25.0,122
25.0,140
25.0,108
25.0,159
25.0,108
25.0,98
25.0,123
25.0,139
25.0,107
25.0,162
25.0,108
25.0,85
25.0,121
25.0,138
25.0,106
25.0,169
25.0,108
25.0,76
25.0,119
25.0,136
25.0,105
25.0,172
25.0,107
25.0,74
25.0,118
25.0,132
25.0,105
25.0,177
25.0,105
25.0,69
25.0,117
25.0,126
25.0,104
25.0,183
25.0,104
25.0,71
25.0,116
25.0,124
25.0,104
25.0,189
25.0,102
25.0,69
25.0,113
25.0,122
25.0,105
25.0,196
25.0,102
25.0,70
25.0,111
25.0,121
25.0,105
25.0,203
25.0,102
25.0,72
25.0,109
25.0,120
25.0,103
25.0,176
25.0,100
25.0,84
25.0,108
25.0,117
25.0,101
25.0,169
25.0,99
25.0,152
25.0,105
25.0,113
25.0,99
25.0,158
25.0,99
25.0,164
25.0,105
25.0,108
25.0,98
25.0,151
25.0,97
25.0,175
25.0,106
25.0,108
25.0,97
25.0,144
25.0,97
25.0,176
25.0,104
25.0,106
25.0,96
25.0,140
25.0,98
24.0,184
24.0,103
24.0,104
24.0,95
24.0,136
24.0,157
24.0,185
24.0,101
24.0,55
24.0,94
24.0,132
24.0,155
24.0,180
24.0,100
24.0,57
24.0,92
24.0,123
24.0,153
24.0,176
24.0,101
24.0,104
22.0,90
22.0,117
22.0,90
22.0,151
22.0,103
22.0,112
22.0,89
22.0,115
22.0,89
22.0,129
22.0,107
22.0,112
22.0,88
22.0,128
22.0,88
22.0,64
22.0,110
22.0,111
22.0,87
22.0,133
22.0,89
22.0,48
22.0,115
22.0,106
22.0,83
22.0,137
22.0,88
22.0,75
22.0,115
22.0,107
22.0,82
22.0,129
22.0,87
22.0,74
22.0,111
22.0,109
22.0,78
22.0,128
22.0,89
22.0,74
22.0,110
22.0,113
22.0,76
22.0,126
22.0,92
22.0,77
22.0,107
22.0,116
22.0,72
22.0,117
22.0,93
22.0,72
22.0,106
22.0,120
22.0,71
22.0,118
22.0,96
22.0,81
22.0,107
22.0,124
22.0,70
22.0,114
22.0,99
22.0,77
22.0,107
22.0,128
22.0,69
22.0,111
22.0,102
22.0,81
22.0,106
22.0,133
22.0,67
22.0,111
22.0,102
22.0,71
22.0,99
22.0,140
22.0,64
21.0,125
21.0,104
21.0,82
21.0,102
21.0,141
21.0,60
21.0,111
21.0,106
21.0,85
21.0,103
21.0,147
21.0,56
21.0,121
21.0,150
21.0,89
21.0,98
21.0,163
21.0,52
21.0,126
21.0,108
21.0,98
21.0,101
21.0,173
21.0,49
21.0,130
21.0,109
21.0,106
21.0,105
21.0,178
21.0,46
21.0,128
21.0,112
21.0,105
21.0,109
21.0,179
21.0,50
21.0,130
21.0,112
21.0,111
21.0,112
21.0,181
21.0,55
21.0,130
21.0,111
21.0,107
21.0,112
21.0,180
21.0,57
21.0,134
21.0,114
21.0,88
21.0,114
21.0,181
21.0,55
21.0,139
21.0,153
21.0,71
21.0,118
21.0,181
21.0,53
21.0,130
21.0,152
21.0,55
21.0,123
21.0,181
21.0,51
21.0,125
21.0,149
21.0,67
21.0,126
21.0,183
21.0,50
21.0,105
21.0,148
21.0,78
21.0,130
21.0,183
21.0,49
21.0,101
21.0,147
21.0,82
21.0,133
21.0,185
21.0,49
21.0,99
21.0,146
21.0,88
21.0,139
21.0,182
21.0,50
21.0,99
21.0,147
21.0,86
21.0,136
21.0,184
20.0,50
20.0,99
20.0,146
20.0,91
20.0,131
20.0,178
20.0,48
20.0,102
20.0,147
20.0,80
20.0,134
20.0,184
20.0,48
20.0,105
20.0,147
20.0,75
20.0,149
20.0,187
20.0,55
20.0,93
20.0,146
20.0,104
20.0,150
20.0,183
20.0,53
20.0,90
20.0,145
20.0,116
20.0,173
20.0,182
20.0,57
20.0,99
20.0,154
20.0,107
20.0,173
20.0,182
20.0,53
20.0,131
20.0,159
20.0,111
20.0,172
20.0,181
20.0,52
20.0,141
20.0,160
20.0,118
20.0,168
20.0,185
20.0,51
20.0,150
20.0,162
20.0,119
20.0,163
20.0,189
20.0,52
20.0,151
20.0,163
20.0,122
20.0,164
20.0,191
20.0,54
20.0,154
20.0,164
20.0,123
20.0,169
20.0,192
20.0,55
20.0,152
20.0,168
20.0,128
20.0,169
20.0,194
20.0,56
20.0,103
20.0,171
20.0,84
20.0,183
20.0,198
20.0,56
20.0,155
20.0,174
20.0,63
20.0,171
20.0,199
20.0,55
20.0,150
20.0,177
20.0,66
20.0,169
20.0,201
20.0,50
20.0,148
20.0,180
20.0,74
20.0,170
20.0,204
20.0,48
20.0,146
20.0,181
20.0,79
20.0,174
20.0,200
20.0,46
20.0,149
20.0,184
20.0,82
20.0,174
20.0,195
20.0,42
20.0,147
20.0,186
20.0,82
20.0,177
20.0,192
20.0,40
20.0,143
20.0,189
20.0,115
20.0,173
20.0,190
20.0,39
20.0,145
20.0,193
20.0,116
20.0,171
20.0,187
20.0,40
20.0,152
20.0,195
20.0,115
20.0,168
20.0,184
20.0,39
20.0,157
20.0,192
20.0,115
20.0,166
20.0,181
20.0,40
20.0,158
20.0,190
20.0,113
20.0,162
20.0,177
20.0,40
20.0,92
20.0,185
20.0,111
20.0,156
20.0,171
20.0,41
20.0,85
20.0,127
20.0,107
20.0,153
20.0,167
20.0,41
20.0,83
20.0,123
20.0,105
20.0,150
20.0,164
20.0,41
20.0,82
20.0,119
20.0,107
20.0,148
20.0,162
20.0,43
20.0,82
20.0,115
20.0,110
20.0,146
20.0,158
20.0,42
20.0,81
20.0,113
20.0,112
20.0,144
20.0,154
20.0,42
20.0,44
20.0,109
20.0,115
20.0,142
20.0,151
20.0,43
20.0,49
20.0,157
20.0,117
20.0,138
20.0,148
20.0,44
20.0,60
20.0,152
20.0,121
20.0,136
20.0,146
20.0,46
20.0,73
20.0,147
20.0,123
20.0,136
20.0,145
20.0,51
20.0,85
20.0,142
20.0,130
20.0,134
20.0,142
20.0,55
20.0,131
20.0,138
20.0,127
20.0,134
20.0,142
20.0,53
20.0,129
20.0,133
20.0,132
20.0,144
20.0,141
20.0,56
20.0,119
20.0,129
20.0,133
20.0,151
20.0,139
20.0,59
20.0,120
20.0,123
20.0,128
20.0,146
20.0,134
20.0,56
20.0,113
20.0,120
20.0,126
20.0,148
20.0,132
20.0,56
20.0,113
20.0,117
20.0,125
20.0,148
20.0,130
20.0,56
20.0,110
20.0,114
20.0,122
20.0,145
20.0,129
20.0,56
20.0,110
20.0,111
20.0,122
20.0,146
20.0,127
20.0,54
20.0,110
20.0,109
20.0,123
20.0,148
20.0,125
20.0,52
20.0,105
20.0,105
20.0,122
20.0,151
20.0,124
20.0,52
20.0,111
20.0,103
20.0,118
20.0,146
20.0,122
20.0,51
20.0,110
20.0,102
20.0,116
20.0,145
20.0,122
20.0,54
20.0,109
20.0,101
20.0,80
20.0,143
20.0,121
20.0,57
20.0,99
20.0,99
20.0,81
20.0,141
20.0,119
20.0,56
20.0,99
20.0,97
20.0,105
20.0,140
20.0,118
20.0,111
20.0,101
20.0,97
20.0,108
20.0,139
20.0,112
20.0,113
20.0,99
20.0,93
20.0,112
20.0,133
20.0,99
20.0,114
20.0,98
20.0,93
20.0,108
20.0,129
20.0,84
20.0,116
20.0,100
20.0,94
20.0,106
20.0,127
20.0,75
20.0,119
20.0,97
20.0,96
20.0,106
20.0,122
20.0,70
20.0,120
20.0,100
20.0,98
20.0,108
20.0,118
20.0,73
20.0,124
20.0,120
20.0,101
20.0,111
20.0,115
20.0,42
20.0,67
20.0,95
20.0,102
20.0,109
20.0,112
20.0,43
20.0,62
20.0,93
20.0,99
20.0,109
20.0,102
20.0,53
20.0,62
20.0,90
20.0,99
20.0,106
20.0,98
20.0,49
20.0,61
20.0,92
20.0,100
20.0,100
20.0,93
20.0,48
20.0,62
20.0,94
20.0,99
20.0,99
20.0,87
20.0,50
20.0,63
20.0,96
20.0,102
20.0,94
20.0,81
20.0,47
20.0,64
20.0,99
20.0,109
20.0,98
20.0,92
20.0,47
20.0,66
20.0,103
20.0,114
20.0,99
20.0,87
20.0,48
20.0,66
20.0,46
20.0,117
20.0,100
20.0,85
20.0,47
20.0,67
20.0,44
20.0,122
20.0,104
20.0,88
20.0,46
20.0,116
20.0,43
20.0,126
20.0,107
20.0,114
20.0,44
20.0,105
20.0,48
20.0,130
20.0,110
20.0,115
20.0,32
20.0,96
20.0,55
20.0,133
20.0,113
20.0,120
20.0,32
20.0,93
20.0,58
20.0,136
20.0,117
20.0,128
20.0,41
20.0,95
20.0,59
20.0,135
20.0,121
20.0,131
20.0,76
20.0,100
20.0,59
20.0,137
20.0,125
20.0,132
20.0,74
20.0,103
20.0,113
20.0,140
20.0,128
20.0,132
20.0,69
20.0,104
20.0,112
20.0,143
20.0,133
20.0,130
20.0,68
20.0,102
20.0,115
20.0,144
20.0,111
20.0,125
20.0,21
20.0,103
20.0,115
20.0,144
20.0,109
20.0,120
20.0,21
20.0,105
20.0,119
20.0,139
20.0,106
20.0,70
20.0,19
20.0,103
20.0,124
20.0,135
20.0,101
20.0,71
20.0,20
20.0,102
20.0,127
20.0,135
20.0,100
20.0,76
20.0,22
20.0,102
20.0,84
20.0,135
20.0,97
20.0,79
20.0,20
20.0,103
20.0,88
20.0,136
20.0,95
20.0,83
20.0,63
20.0,104
20.0,92
20.0,137
20.0,93
20.0,87
20.0,62
20.0,105
20.0,90
20.0,139
20.0,91
20.0,90
20.0,60
20.0,106
20.0,88
20.0,140
20.0,88
20.0,93
20.0,59
20.0,107
20.0,86
20.0,139
20.0,82
20.0,90
20.0,58
20.0,109
20.0,81
20.0,142
20.0,114
20.0,93
20.0,57
20.0,110
20.0,79
20.0,144
20.0,112
20.0,88
20.0,55
20.0,111
20.0,78
20.0,140
20.0,110
20.0,82
20.0,54
20.0,113
20.0,76
20.0,136
20.0,107
20.0,75
20.0,56
20.0,114
20.0,73
20.0,133
20.0,104
20.0,70
20.0,56
20.0,115
20.0,71
20.0,130
20.0,102
20.0,116
20.0,55
20.0,117
20.0,69
20.0,125
20.0,99
20.0,111
20.0,57
20.0,117
20.0,66
20.0,122
20.0,99
20.0,106
20.0,57
20.0,118
20.0,65
20.0,118
20.0,97
20.0,101
20.0,57
20.0,119
20.0,64
20.0,115
20.0,96
20.0,96
20.0,60
20.0,119
20.0,63
20.0,111
20.0,84
20.0,93
20.0,62
20.0,120
20.0,60
20.0,108
20.0,80
20.0,89
20.0,63
20.0,120
20.0,59
20.0,105
20.0,78
20.0,81
20.0,65
20.0,121
20.0,58
20.0,101
20.0,78
20.0,71
20.0,66
20.0,121
20.0,58
20.0,98
20.0,78
20.0,68
20.0,66
20.0,121
20.0,56
20.0,96
20.0,82
20.0,74
20.0,65
20.0,121
20.0,56
20.0,94
20.0,87
20.0,78
20.0,62
20.0,68
20.0,55
20.0,92
20.0,91
20.0,23
20.0,62
20.0,67
20.0,55
20.0,89
20.0,94
20.0,20
20.0,61
20.0,67
20.0,54
20.0,85
20.0,97
20.0,20
20.0,65
20.0,67
20.0,52
20.0,81
20.0,97
20.0,26
20.0,72
20.0,71
20.0,50
20.0,80
20.0,96
20.0,33
20.0,77
20.0,70
20.0,49
20.0,77
20.0,94
20.0,46
20.0,50
20.0,70
20.0,47
20.0,77
20.0,92
20.0,52
20.0,54
20.0,66
20.0,46
20.0,73
20.0,91
20.0,83
20.0,56
20.0,110
20.0,43
20.0,72
20.0,90
20.0,76
20.0,58
20.0,106
20.0,99
20.0,76
20.0,88
20.0,99
20.0,56
20.0,108
20.0,102
20.0,77
20.0,83
20.0,91
20.0,56
20.0,110
20.0,102
20.0,87
20.0,47
20.0,80
20.0,57
20.0,107
20.0,105
20.0,88
20.0,79
20.0,77
20.0,57
20.0,108
20.0,103
20.0,88
20.0,82
20.0,81
20.0,58
20.0,108
20.0,99
20.0,90
20.0,88
20.0,82
20.0,59
20.0,107
20.0,98
20.0,93
20.0,93
20.0,82
20.0,61
20.0,106
20.0,97
20.0,94
20.0,96
20.0,84
20.0,60
20.0,107
20.0,95
20.0,96
20.0,100
20.0,85
20.0,59
20.0,108
20.0,94
20.0,98
20.0,104
20.0,88
20.0,57
20.0,109
20.0,94
20.0,95
20.0,103
20.0,84
20.0,56
20.0,113
20.0,93
20.0,92
20.0,102
20.0,14
20.0,53
20.0,115
20.0,94
20.0,93
20.0,62
20.0,6
20.0,27
20.0,125
20.0,97
20.0,96
20.0,59
20.0,24
20.0,100
20.0,127
20.0,100
20.0,99
20.0,52
20.0,19
20.0,94
20.0,121
20.0,95
20.0,104
20.0,50
20.0,29
20.0,48
20.0,119
20.0,94
20.0,107
20.0,45
20.0,34
20.0,49
20.0,118
20.0,93
20.0,109
20.0,43
20.0,29
20.0,50
20.0,122
20.0,91
20.0,112
20.0,41
20.0,83
20.0,49
20.0,68
20.0,90
20.0,116
20.0,38
20.0,86
20.0,47
20.0,68
20.0,94
20.0,113
20.0,35
20.0,87
20.0,44
20.0,66
20.0,99
20.0,111
20.0,31
20.0,86
20.0,42
20.0,67
20.0,100
20.0,109
20.0,29
20.0,87
20.0,40
20.0,66
20.0,105
20.0,108
20.0,26
20.0,89
20.0,39
20.0,72
20.0,108
20.0,107
20.0,29
20.0,95
20.0,38
20.0,73
20.0,114
20.0,105
20.0,25
20.0,100
20.0,39
20.0,75
20.0,116
20.0,103
20.0,20
20.0,104
20.0,38
20.0,83
20.0,120
20.0,52
20.0,14
20.0,103
20.0,39
20.0,80
20.0,123
20.0,50
20.0,15
20.0,102
20.0,39
20.0,78
20.0,124
20.0,56
20.0,16
20.0,104
20.0,39
20.0,80
20.0,128
20.0,59
20.0,17
20.0,106
20.0,39
20.0,80
20.0,131
20.0,63
20.0,20
20.0,109
20.0,86
20.0,80
20.0,135
20.0,68
20.0,22
20.0,113
20.0,82
20.0,82
20.0,140
20.0,72
20.0,25
20.0,116
20.0,80
20.0,82
20.0,144
20.0,130
20.0,29
20.0,116
20.0,75
20.0,84
20.0,145
20.0,132
20.0,32
20.0,58
20.0,72
20.0,92
20.0,146
20.0,132
20.0,35
20.0,56
20.0,70
20.0,94
20.0,149
20.0,134
20.0,37
20.0,58
20.0,69
20.0,97
20.0,154
20.0,134
20.0,37
20.0,116
20.0,70
20.0,96
20.0,158
20.0,136
20.0,38
20.0,112
20.0,68
20.0,96
20.0,163
20.0,133
20.0,36
20.0,106
20.0,68
20.0,94
20.0,167
20.0,128
20.0,75
20.0,106
20.0,68
20.0,96
20.0,171
20.0,124
20.0,77
20.0,103
20.0,68
20.0,94
20.0,169
20.0,120
20.0,64
20.0,100
20.0,67
20.0,92
20.0,168
20.0,118
20.0,61
20.0,98
20.0,67
20.0,89
20.0,167
20.0,117
20.0,56
20.0,97
20.0,66
20.0,86
20.0,167
20.0,114
20.0,52
20.0,93
20.0,69
20.0,84
20.0,166
20.0,52
20.0,50
20.0,92
20.0,71
20.0,87
20.0,166
20.0,97
20.0,53
20.0,89
20.0,72
20.0,86
20.0,163
20.0,91
20.0,55
20.0,91
20.0,78
20.0,85
20.0,162
20.0,88
20.0,62
20.0,93
20.0,86
20.0,116
20.0,161
20.0,26
20.0,10
20.0,92
20.0,91
20.0,120
20.0,160
20.0,23
20.0,16
20.0,90
20.0,94
20.0,121
20.0,158
20.0,32
20.0,10
20.0,99
20.0,95
20.0,117
20.0,157
20.0,35
20.0,9
20.0,103
20.0,100
20.0,115
20.0,156
20.0,91
20.0,8
20.0,107
20.0,104
20.0,119
20.0,154
20.0,93
20.0,6
20.0,113
20.0,53
20.0,126
20.0,153
20.0,99
20.0,24
20.0,118
20.0,50
20.0,132
20.0,152
20.0,98
20.0,18
20.0,121
20.0,98
20.0,135
20.0,150
20.0,101
20.0,20
20.0,124
20.0,96
20.0,135
20.0,148
20.0,100
20.0,20
20.0,124
20.0,95
20.0,136
20.0,145
20.0,100
20.0,36
20.0,74
20.0,94
20.0,140
20.0,143
20.0,98
20.0,94
20.0,71
20.0,91
20.0,142
20.0,138
20.0,99
20.0,98
20.0,73
20.0,91
20.0,145
20.0,137
20.0,99
20.0,102
20.0,74
20.0,91
20.0,149
20.0,135
20.0,100
20.0,106
20.0,76
20.0,96
20.0,154
20.0,134
20.0,101
20.0,112
20.0,76
20.0,100
20.0,153
20.0,132
20.0,40
20.0,112
20.0,78
20.0,100
20.0,153
20.0,131
20.0,42
20.0,113
20.0,80
20.0,102
20.0,151
20.0,129
20.0,42
20.0,63
20.0,76
20.0,102
20.0,149
20.0,125
20.0,43
20.0,45
20.0,74
20.0,108
20.0,150
20.0,125
20.0,39
20.0,39
20.0,72
20.0,114
20.0,149
20.0,123
20.0,35
20.0,38
20.0,68
20.0,116
20.0,147
20.0,120
20.0,90
20.0,41
20.0,64
20.0,119
20.0,143
20.0,118
20.0,84
20.0,45
20.0,60
20.0,119
20.0,138
20.0,115
20.0,79
20.0,93
20.0,57
20.0,74
20.0,96
20.0,113
20.0,71
20.0,94
20.0,50
20.0,73
20.0,88
20.0,108
20.0,65
20.0,95
20.0,45
20.0,72
20.0,80
20.0,105
20.0,60
20.0,98
20.0,42
20.0,71
20.0,71
20.0,103
20.0,62
20.0,101
20.0,40
20.0,69
20.0,61
20.0,100
20.0,67
20.0,106
20.0,39
20.0,68
20.0,44
20.0,98
20.0,72
20.0,112
20.0,37
20.0,68
20.0,85
20.0,96
20.0,76
20.0,116
20.0,34
20.0,66
20.0,83
20.0,94
20.0,80
20.0,121
20.0,32
20.0,66
20.0,81
20.0,94
20.0,86
20.0,116
20.0,38
20.0,65
20.0,18
20.0,30
20.0,94
20.0,67
20.0,40
20.0,65
20.0,15
20.0,28
20.0,103
20.0,65
20.0,39
20.0,63
20.0,77
20.0,23
20.0,99
20.0,66
20.0,40
20.0,62
20.0,16
20.0,20
20.0,31
20.0,68
20.0,39
20.0,61
20.0,14
20.0,17
20.0,49
20.0,70
20.0,40
20.0,58
20.0,14
20.0,13
20.0,98
20.0,69
20.0,38
20.0,56
20.0,12
20.0,59
20.0,98
20.0,73
20.0,38
20.0,55
20.0,70
20.0,64
20.0,98
20.0,74
20.0,37
20.0,55
20.0,13
20.0,9
20.0,97
20.0,79
20.0,38
20.0,55
20.0,18
20.0,22
20.0,96
20.0,81
20.0,37
20.0,54
20.0,26
20.0,33
20.0,97
20.0,83
20.0,38
20.0,54
20.0,32
20.0,39
20.0,102
20.0,89
20.0,38
20.0,54
20.0,36
20.0,40
20.0,61
20.0,92
20.0,35
20.0,56
20.0,40
20.0,50
20.0,58
20.0,97
20.0,33
20.0,56
20.0,44
20.0,54
20.0,59
20.0,100
20.0,31
20.0,56
20.0,49
20.0,57
20.0,58
20.0,104
20.0,29
20.0,55
20.0,53
20.0,60
20.0,55
20.0,103
20.0,26
20.0,57
20.0,49
20.0,62
20.0,58
20.0,105
20.0,22
20.0,55
20.0,48
20.0,57
20.0,62
20.0,108
20.0,20
20.0,50
20.0,46
20.0,55
20.0,60
20.0,110
20.0,18
20.0,48
20.0,44
20.0,51
20.0,57
20.0,104
20.0,15
20.0,48
20.0,32
20.0,46
20.0,59
20.0,99
20.0,12
20.0,50
20.0,25
20.0,40
20.0,63
20.0,93
20.0,12
20.0,50
20.0,20
20.0,35
20.0,94
20.0,90
20.0,14
20.0,47
20.0,21
20.0,44
20.0,90
20.0,89
20.0,12
20.0,44
20.0,24
20.0,45
20.0,90
20.0,87
20.0,13
20.0,40
20.0,83
20.0,42
20.0,92
20.0,84
20.0,13
20.0,39
20.0,83
20.0,100
20.0,94
20.0,78
20.0,14
20.0,41
20.0,84
20.0,99
20.0,95
20.0,72
20.0,13
20.0,39
20.0,85
20.0,97
20.0,96
20.0,65
20.0,13
20.0,37
20.0,86
20.0,96
20.0,96
20.0,60
20.0,15
20.0,36
20.0,87
20.0,95
20.0,95
20.0,57
20.0,20
20.0,33
20.0,88
20.0,93
20.0,96
20.0,58
20.0,22
20.0,36
20.0,90
20.0,93
20.0,96
20.0,63
20.0,24
20.0,43
20.0,92
20.0,36
20.0,94
20.0,67
20.0,22
20.0,50
20.0,94
20.0,16
20.0,151
20.0,71
20.0,19
20.0,56
20.0,97
20.0,21
20.0,146
20.0,74
20.0,20
20.0,59
20.0,44
20.0,32
20.0,140
20.0,76
20.0,27
20.0,61
20.0,46
20.0,41
20.0,86
20.0,76
20.0,36
20.0,63
20.0,49
20.0,47
20.0,135
20.0,66
20.0,43
20.0,63
20.0,50
20.0,51
20.0,131
20.0,59
20.0,45
20.0,65
20.0,53
20.0,100
20.0,66
20.0,54
20.0,49
20.0,69
20.0,57
20.0,105
20.0,55
20.0,50
20.0,51
20.0,72
20.0,60
20.0,108
20.0,49
20.0,49
20.0,54
20.0,77
20.0,62
20.0,113
20.0,56
20.0,44
20.0,53
20.0,79
20.0,62
20.0,106
20.0,59
20.0,45
20.0,56
20.0,82
20.0,66
20.0,111
20.0,62
20.0,47
20.0,61
20.0,135
20.0,70
20.0,66
20.0,64
20.0,50
20.0,66
20.0,137
20.0,65
20.0,68
20.0,64
20.0,52
20.0,69
20.0,136
20.0,61
20.0,69
20.0,66
20.0,56
20.0,72
20.0,138
20.0,56
20.0,67
20.0,69
20.0,61
20.0,76
20.0,140
20.0,52
20.0,67
20.0,72
20.0,65
20.0,79
20.0,141
20.0,51
20.0,62
20.0,78
20.0,62
20.0,78
20.0,132
20.0,47
20.0,59
20.0,75
20.0,60
20.0,76
20.0,130
20.0,44
20.0,53
20.0,60
20.0,56
20.0,74
20.0,137
20.0,39
20.0,44
20.0,31
20.0,51
20.0,68
20.0,72
20.0,35
20.0,35
20.0,33
20.0,48
20.0,68
20.0,69
20.0,31
20.0,31
20.0,35
20.0,42
20.0,69
20.0,64
20.0,35
20.0,94
20.0,39
20.0,39
20.0,71
20.0,62
20.0,37
20.0,90
20.0,42
20.0,38
20.0,71
20.0,59
20.0,100
20.0,86
20.0,46
20.0,37
20.0,71
20.0,57
20.0,102
20.0,82
20.0,49
20.0,37
20.0,71
20.0,55
20.0,104
20.0,19
20.0,50
20.0,37
20.0,70
20.0,54
20.0,108
20.0,16
20.0,51
20.0,37
20.0,70
20.0,52
20.0,111
20.0,11
20.0,52
20.0,44
20.0,70
20.0,52
20.0,106
20.0,6
20.0,51
20.0,46
20.0,70
20.0,52
20.0,102
20.0,3
20.0,48
20.0,42
20.0,71
20.0,54
20.0,95
20.0,5
20.0,46
20.0,35
20.0,70
20.0,56
20.0,31
20.0,68
20.0,57
20.0,17
20.0,69
20.0,59
20.0,25
20.0,72
20.0,70
20.0,29
20.0,69
20.0,57
20.0,21
20.0,76
20.0,80
20.0,37
20.0,69
20.0,55
20.0,17
20.0,83
20.0,82
20.0,21
20.0,69
20.0,53
20.0,13
20.0,90
20.0,85
20.0,20
20.0,69
20.0,50
20.0,9
20.0,96
20.0,87
20.0,22
20.0,68
20.0,48
20.0,12
20.0,99
20.0,77
20.0,26
20.0,66
20.0,51
20.0,6
20.0,102
20.0,69
20.0,33
20.0,64
20.0,55
20.0,6
20.0,105
20.0,57
20.0,35
20.0,62
20.0,57
20.0,9
20.0,108
20.0,46
20.0,42
20.0,60
20.0,59
20.0,13
20.0,103
20.0,33
20.0,46
20.0,57
20.0,61
20.0,20
20.0,102
20.0,27
20.0,49
20.0,55
20.0,60
20.0,26
20.0,48
20.0,19
20.0,51
20.0,53
20.0,60
20.0,25
20.0,49
20.0,13
20.0,53
20.0,50
20.0,61
20.0,23
20.0,52
20.0,18
20.0,53
20.0,48
20.0,60
20.0,22
20.0,55
20.0,26
20.0,56
20.0,47
20.0,58
20.0,20
20.0,58
20.0,32
20.0,59
20.0,45
20.0,55
20.0,18
20.0,62
20.0,36
20.0,63
20.0,43
20.0,53
20.0,15
20.0,65
20.0,42
20.0,67
20.0,42
20.0,57
20.0,15
20.0,67
20.0,48
20.0,70
20.0,47
20.0,59
20.0,15
20.0,61
20.0,47
20.0,65
20.0,49
20.0,60
20.0,16
20.0,55
20.0,56
20.0,62
20.0,48
20.0,66
20.0,19
20.0,49
20.0,54
20.0,58
20.0,47
20.0,66
20.0,22
20.0,51
20.0,53
20.0,54
20.0,46
20.0,67
20.0,26
20.0,51
20.0,51
20.0,51
20.0,44
20.0,68
20.0,29
20.0,48
20.0,52
20.0,46
20.0,40
20.0,69
20.0,34
20.0,45
20.0,72
20.0,41
20.0,34
20.0,70
20.0,38
20.0,91
20.0,75
20.0,38
20.0,28
20.0,70
20.0,42
20.0,94
20.0,72
20.0,34
20.0,28
20.0,70
20.0,45
20.0,96
20.0,67
20.0,30
20.0,30
20.0,67
20.0,41
20.0,98
20.0,69
20.0,25
20.0,32
20.0,63
20.0,36
20.0,100
20.0,68
20.0,22
20.0,36
20.0,59
20.0,31
20.0,101
20.0,61
20.0,20
20.0,41
20.0,59
20.0,30
20.0,104
20.0,54
20.0,16
20.0,44
20.0,57
20.0,27
20.0,107
20.0,45
20.0,12
20.0,48
20.0,56
20.0,24
20.0,105
20.0,30
20.0,9
20.0,51
20.0,56
20.0,22
20.0,105
20.0,25
20.0,8
20.0,53
20.0,55
20.0,31
20.0,105
20.0,26
20.0,4
20.0,55
20.0,55
20.0,28
20.0,104
20.0,26
20.0,5
20.0,59
20.0,56
20.0,27
20.0,58
20.0,29
20.0,11
20.0,59
20.0,57
20.0,27
20.0,58
20.0,26
20.0,8
20.0,106
20.0,61
20.0,30
20.0,62
20.0,27
20.0,12
20.0,107
20.0,64
20.0,32
20.0,64
20.0,27
20.0,17
20.0,110
20.0,61
20.0,31
20.0,110
20.0,30
20.0,15
20.0,113
20.0,59
20.0,27
20.0,66
20.0,32
20.0,17
20.0,113
20.0,57
20.0,24
20.0,111
20.0,34
22.0,21
22.0,113
22.0,53
22.0,22
22.0,106
22.0,36
22.0,63
22.0,114
22.0,49
22.0,27
22.0,107
22.0,38
22.0,62
22.0,115
22.0,46
22.0,28
22.0,111
22.0,42
22.0,63
22.0,115
22.0,43
22.0,24
22.0,110
22.0,46
22.0,67
22.0,116
22.0,40
22.0,23
22.0,110
22.0,51
22.0,68
22.0,117
22.0,37
22.0,20
22.0,112
22.0,48
22.0,15
22.0,117
22.0,35
22.0,20
22.0,113
22.0,45
22.0,15
22.0,115
22.0,33
22.0,20
22.0,114
22.0,44
22.0,18
22.0,116
22.0,32
22.0,21
22.0,116
22.0,41
22.0,18
22.0,115
22.0,36
22.0,22
22.0,120
22.0,37
22.0,11
22.0,113
22.0,40
22.0,29
22.0,124
22.0,34
22.0,4
22.0,113
22.0,43
22.0,29
22.0,127
22.0,32
22.0,3
22.0,62
22.0,46
22.0,30
22.0,128
22.0,35
22.0,7
22.0,60
22.0,48
22.0,30
22.0,130
22.0,40
22.0,10
22.0,59
22.0,47
22.0,28
22.0,129
22.0,45
22.0,20
22.0,58
22.0,48
22.0,24
22.0,130
22.0,43
22.0,25
22.0,61
22.0,46
22.0,21
22.0,132
22.0,40
22.0,32
22.0,63
22.0,46
22.0,14
22.0,135
22.0,86
22.0,34
22.0,64
22.0,47
22.0,17
22.0,139
22.0,86
22.0,32
22.0,66
22.0,45
22.0,17
22.0,137
22.0,87
22.0,28
22.0,69
22.0,45
22.0,18
22.0,135
22.0,87
22.0,20
22.0,71
22.0,44
22.0,22
22.0,134
22.0,88
22.0,16
22.0,73
22.0,43
22.0,24
22.0,133
22.0,90
22.0,12
22.0,76
22.0,41
22.0,88
22.0,132
22.0,93
22.0,71
22.0,75
22.0,42
22.0,88
22.0,130
22.0,96
22.0,74
22.0,76
22.0,43
22.0,30
22.0,129
22.0,99
22.0,21
22.0,75
22.0,42
22.0,32
22.0,127
22.0,102
22.0,23
22.0,75
22.0,43
22.0,34
22.0,125
22.0,57
22.0,25
22.0,75
22.0,43
22.0,85
22.0,129
22.0,60
22.0,30
22.0,75
22.0,41
22.0,80
22.0,130
22.0,62
22.0,33
22.0,75
22.0,40
22.0,76
22.0,128
22.0,65
22.0,37
22.0,76
22.0,40
22.0,72
22.0,64
22.0,62
22.0,35
22.0,74
22.0,43
22.0,70
22.0,60
22.0,58
22.0,34
22.0,73
22.0,45
22.0,69
22.0,56
22.0,55
22.0,34
22.0,71
22.0,47
22.0,68
22.0,54
22.0,52
22.0,32
22.0,70
22.0,47
22.0,68
22.0,51
22.0,50
22.0,32
22.0,68
22.0,48
22.0,68
22.0,49
22.0,49
22.0,30
22.0,67
22.0,51
22.0,69
22.0,46
22.0,48
22.0,33
22.0,66
22.0,52
21.0,72
21.0,43
21.0,46
21.0,31
21.0,64
21.0,54
21.0,71
21.0,38
21.0,45
21.0,32
21.0,62
21.0,56
21.0,74
21.0,37
21.0,45
21.0,35
21.0,63
21.0,57
21.0,17
21.0,31
21.0,44
21.0,42
21.0,62
21.0,58
21.0,21
21.0,25
21.0,43
21.0,47
21.0,61
21.0,58
21.0,28
21.0,20
21.0,43
21.0,55
21.0,61
21.0,60
21.0,29
21.0,17
21.0,45
21.0,49
21.0,110
21.0,58
21.0,33
21.0,16
21.0,46
21.0,43
21.0,108
21.0,59
21.0,33
21.0,17
21.0,49
21.0,39
21.0,105
21.0,59
21.0,35
21.0,18
21.0,49
21.0,35
21.0,103
21.0,60
21.0,36
21.0,19
21.0,57
21.0,35
21.0,104
21.0,58
21.0,37
21.0,21
21.0,57
21.0,33
21.0,105
21.0,58
21.0,39
21.0,25
21.0,58
21.0,88
21.0,107
21.0,58
21.0,41
21.0,31
21.0,107
21.0,92
21.0,55
21.0,58
21.0,45
21.0,36
21.0,106
21.0,38
21.0,49
21.0,58
21.0,49
21.0,41
21.0,105
21.0,41
21.0,45
21.0,59
21.0,52
21.0,45
21.0,104
21.0,44
21.0,43
21.0,60
21.0,54
21.0,44
21.0,103
21.0,48
21.0,40
21.0,62
21.0,55
21.0,44
21.0,102
21.0,46
21.0,37
21.0,63
21.0,55
21.0,43
21.0,102
21.0,38
21.0,33
21.0,63
21.0,57
21.0,47
21.0,103
21.0,30
21.0,29
21.0,62
21.0,60
21.0,51
21.0,106
21.0,24
21.0,24
21.0,62
21.0,63
21.0,55
21.0,109
21.0,22
21.0,20
21.0,61
21.0,61
21.0,58
21.0,107
21.0,20
21.0,16
21.0,60
21.0,59
21.0,111
21.0,104
21.0,21
21.0,20
21.0,58
21.0,58
21.0,59
21.0,103
21.0,85
21.0,20
21.0,56
21.0,58
21.0,59
21.0,102
21.0,83
21.0,21
21.0,55
21.0,58
21.0,59
21.0,101
21.0,81
21.0,21
21.0,53
21.0,59
21.0,57
21.0,102
21.0,15
21.0,20
21.0,53
21.0,60
21.0,56
21.0,105
21.0,3
21.0,26
21.0,54
21.0,58
21.0,49
21.0,59
21.0,9
21.0,29
21.0,53
21.0,54
21.0,43
21.0,58
21.0,16
21.0,34
21.0,53
21.0,53
21.0,46
21.0,56
21.0,32
21.0,29
21.0,54
21.0,55
21.0,41
21.0,55
21.0,25
21.0,30
21.0,54
21.0,62
21.0,42
21.0,58
21.0,22
21.0,32
21.0,55
21.0,67
21.0,42
21.0,60
21.0,22
21.0,36
21.0,56
21.0,65
21.0,43
21.0,57
21.0,15
21.0,39
21.0,54
21.0,65
21.0,48
21.0,55
21.0,9
21.0,42
21.0,51
21.0,65
21.0,52
21.0,54
21.0,6
21.0,43
21.0,49
21.0,64
21.0,45
21.0,50
21.0,3
21.0,44
21.0,47
21.0,64
21.0,40
21.0,53
21.0,7
21.0,45
21.0,45
21.0,119
21.0,28
21.0,53
21.0,11
21.0,44
21.0,42
21.0,120
21.0,21
21.0,54
21.0,16
21.0,45
21.0,40
21.0,122
21.0,19
21.0,56
21.0,78
21.0,46
21.0,38
21.0,124
21.0,76
21.0,60
21.0,81
21.0,49
21.0,41
21.0,127
21.0,75
21.0,62
21.0,85
21.0,51
21.0,43
21.0,126
21.0,74
21.0,64
21.0,82
21.0,45
21.0,44
21.0,125
21.0,71
21.0,67
21.0,19
21.0,41
21.0,46
21.0,126
21.0,72
21.0,67
21.0,18
21.0,40
21.0,49
21.0,127
21.0,12
21.0,67
21.0,19
21.0,38
21.0,51
21.0,130
21.0,15
21.0,69
21.0,20
21.0,36
21.0,53
21.0,127
21.0,12
21.0,70
21.0,82
21.0,35
21.0,52
21.0,124
21.0,13
21.0,73
21.0,84
21.0,35
21.0,50
21.0,123
21.0,14
21.0,76
21.0,85
21.0,35
21.0,49
21.0,121
21.0,77
21.0,79
21.0,88
21.0,87
21.0,46
21.0,121
21.0,78
21.0,83
21.0,90
21.0,31
21.0,45
21.0,120
21.0,80
21.0,78
21.0,93
21.0,28
21.0,44
21.0,119
21.0,76
21.0,75
21.0,93
21.0,26
21.0,44
21.0,119
21.0,73
21.0,72
21.0,92
21.0,25
21.0,46
21.0,118
21.0,69
21.0,67
21.0,91
21.0,24
21.0,49
21.0,116
21.0,67
21.0,65
21.0,92
21.0,24
21.0,50
21.0,115
21.0,66
21.0,62
21.0,93
21.0,24
21.0,52
21.0,114
21.0,69
21.0,59
21.0,95
21.0,79
21.0,54
21.0,113
21.0,70
21.0,56
21.0,96
21.0,78
21.0,55
21.0,111
21.0,73
21.0,52
21.0,99
21.0,83
21.0,58
21.0,109
21.0,78
21.0,48
21.0,101
21.0,85
21.0,59
21.0,108
21.0,83
21.0,45
21.0,103
21.0,86
21.0,62
21.0,107
21.0,86
21.0,41
21.0,104
21.0,87
21.0,66
21.0,106
21.0,89
21.0,37
21.0,106
21.0,88
21.0,72
21.0,105
21.0,92
21.0,34
21.0,106
21.0,88
21.0,72
21.0,103
21.0,95
21.0,30
21.0,107
21.0,84
21.0,73
21.0,102
21.0,98
21.0,30
21.0,49
21.0,80
21.0,129
21.0,100
21.0,96
21.0,27
21.0,50
21.0,79
21.0,129
21.0,99
21.0,95
21.0,25
20.0,50
20.0,79
20.0,128
20.0,97
20.0,94
20.0,82
20.0,47
20.0,79
20.0,128
20.0,96
20.0,99
20.0,79
20.0,47
20.0,81
20.0,71
20.0,94
20.0,99
20.0,76
20.0,47
20.0,83
20.0,70
20.0,92
20.0,98
20.0,73
20.0,47
20.0,86
20.0,69
20.0,90
20.0,99
20.0,67
20.0,108
20.0,88
20.0,70
20.0,91
20.0,101
20.0,65
20.0,108
20.0,92
20.0,68
20.0,28
20.0,102
20.0,63
20.0,108
20.0,96
20.0,67
20.0,27
20.0,102
20.0,62
20.0,108
20.0,100
20.0,68
20.0,26
20.0,103
20.0,65
20.0,108
20.0,53
20.0,62
20.0,26
20.0,102
20.0,70
20.0,107
20.0,58
20.0,57
20.0,25
20.0,106
20.0,73
20.0,106
20.0,56
20.0,58
20.0,23
20.0,112
20.0,76
20.0,107
20.0,50
20.0,58
20.0,80
20.0,116
20.0,77
20.0,107
20.0,49
20.0,57
20.0,80
20.0,120
20.0,77
20.0,107
20.0,50
20.0,61
20.0,80
20.0,123
20.0,76
20.0,107
20.0,54
20.0,65
20.0,83
20.0,125
20.0,76
20.0,107
20.0,58
20.0,67
20.0,86
20.0,140
20.0,77
20.0,109
20.0,62
20.0,68
20.0,90
20.0,148
20.0,78
20.0,109
20.0,67
20.0,69
20.0,95
20.0,156
20.0,82
20.0,109
20.0,121
20.0,124
20.0,96
20.0,151
20.0,87
20.0,111
20.0,118
20.0,111
20.0,93
20.0,139
20.0,92
20.0,111
20.0,116
20.0,103
20.0,93
20.0,144
20.0,96
20.0,113
20.0,114
20.0,100
20.0,92
20.0,145
20.0,97
20.0,114
20.0,113
20.0,104
20.0,91
20.0,145
20.0,99
20.0,116
20.0,111
20.0,108
20.0,91
20.0,142
20.0,100
20.0,121
20.0,109
20.0,109
20.0,92
20.0,138
20.0,101
20.0,130
20.0,107
20.0,112
20.0,94
20.0,124
20.0,102
20.0,134
20.0,106
20.0,113
20.0,97
20.0,101
20.0,102
20.0,132
20.0,104
20.0,115
20.0,39
20.0,95
20.0,104
20.0,130
20.0,102
20.0,117
20.0,42
20.0,29
20.0,103
20.0,128
20.0,100
20.0,119
20.0,46
20.0,24
20.0,104
20.0,124
20.0,99
20.0,122
20.0,44
20.0,21
20.0,104
20.0,61
20.0,99
20.0,127
20.0,44
20.0,18
20.0,105
20.0,57
20.0,100
20.0,130
20.0,43
20.0,31
20.0,40
20.0,52
20.0,104
20.0,129
20.0,102
20.0,43
20.0,29
20.0,48
20.0,105
20.0,129
20.0,100
20.0,58
20.0,26
20.0,46
20.0,105
20.0,128
20.0,98
20.0,119
20.0,23
20.0,47
20.0,106
20.0,126
20.0,96
20.0,120
20.0,80
20.0,47
20.0,105
20.0,125
20.0,96
20.0,120
20.0,77
20.0,49
20.0,106
20.0,124
20.0,93
20.0,123
20.0,75
20.0,107
20.0,107
20.0,122
20.0,93
20.0,122
20.0,72
20.0,108
20.0,104
20.0,121
20.0,92
20.0,77
20.0,66
20.0,54
20.0,99
20.0,120
20.0,40
20.0,79
20.0,16
20.0,55
20.0,94
20.0,118
20.0,40
20.0,79
20.0,26
20.0,55
20.0,93
20.0,117
20.0,40
20.0,76
20.0,30
20.0,56
20.0,95
20.0,116
20.0,43
20.0,74
20.0,33
20.0,57
20.0,92
20.0,114
20.0,45
20.0,74
20.0,98
20.0,54
20.0,92
20.0,113
20.0,48
20.0,80
20.0,36
20.0,53
20.0,91
20.0,112
20.0,53
20.0,75
20.0,99
20.0,51
20.0,90
20.0,111
20.0,52
20.0,74
20.0,101
20.0,50
20.0,94
20.0,111
20.0,51
20.0,74
20.0,102
20.0,49
20.0,96
20.0,109
20.0,43
20.0,73
20.0,103
20.0,47
20.0,98
20.0,109
20.0,39
20.0,73
20.0,104
20.0,46
20.0,101
20.0,109
20.0,35
20.0,73
20.0,104
20.0,45
20.0,104
20.0,109
20.0,31
20.0,72
20.0,105
20.0,44
20.0,107
20.0,111
20.0,28
20.0,71
20.0,105
20.0,44
20.0,109
20.0,111
20.0,27
20.0,71
20.0,105
20.0,43
20.0,112
20.0,112
20.0,26
20.0,70
20.0,105
20.0,43
20.0,108
20.0,109
20.0,26
20.0,71
20.0,105
20.0,42
20.0,105
20.0,108
20.0,30
20.0,70
20.0,105
20.0,41
20.0,109
20.0,113
20.0,30
20.0,74
20.0,106
20.0,38
20.0,113
20.0,119
20.0,29
20.0,76
20.0,106
20.0,45
20.0,114
20.0,123
20.0,26
20.0,72
20.0,106
20.0,50
20.0,114
20.0,126
20.0,24
20.0,68
20.0,106
20.0,52
20.0,114
20.0,131
20.0,23
20.0,65
20.0,54
20.0,56
20.0,114
20.0,134
20.0,23
20.0,60
20.0,107
20.0,58
20.0,114
20.0,140
20.0,21
20.0,49
20.0,106
20.0,59
20.0,115
20.0,145
20.0,18
20.0,42
20.0,55
20.0,59
20.0,116
20.0,149
20.0,16
20.0,37
20.0,55
20.0,58
20.0,117
20.0,154
20.0,15
20.0,32
20.0,55
20.0,55
20.0,117
20.0,152
20.0,13
20.0,29
20.0,55
20.0,52
20.0,69
20.0,152
20.0,14
20.0,24
20.0,55
20.0,51
20.0,69
20.0,151
20.0,13
20.0,24
20.0,55
20.0,53
20.0,70
20.0,150
20.0,12
20.0,24
20.0,55
20.0,55
20.0,66
20.0,149
20.0,11
20.0,23
20.0,55
20.0,57
20.0,63
20.0,148
20.0,9
20.0,27
20.0,56
20.0,55
20.0,61
20.0,147
20.0,13
20.0,27
20.0,57
20.0,52
20.0,59
20.0,146
20.0,18
20.0,26
20.0,58
20.0,50
20.0,57
20.0,145
20.0,21
20.0,26
20.0,58
20.0,48
20.0,55
20.0,144
20.0,24
20.0,26
20.0,59
20.0,46
20.0,54
20.0,142
20.0,26
20.0,26
20.0,60
20.0,44
20.0,52
20.0,141
20.0,29
20.0,24
20.0,67
20.0,42
20.0,52
20.0,141
20.0,36
20.0,23
20.0,71
20.0,39
20.0,51
20.0,84
20.0,40
20.0,22
20.0,73
20.0,37
20.0,51
20.0,82
20.0,46
20.0,21
20.0,75
20.0,35
20.0,49
20.0,79
20.0,45
20.0,23
20.0,74
20.0,35
20.0,48
20.0,76
20.0,33
20.0,24
20.0,74
20.0,33
20.0,51
20.0,74
20.0,27
20.0,24
20.0,77
20.0,31
20.0,51
20.0,74
20.0,28
20.0,22
20.0,81
20.0,29
20.0,48
20.0,72
20.0,33
20.0,20
20.0,84
20.0,27
20.0,45
20.0,69
20.0,37
20.0,18
20.0,87
20.0,26
20.0,39
20.0,66
20.0,37
20.0,15
20.0,89
20.0,24
20.0,35
20.0,64
20.0,35
20.0,12
20.0,92
20.0,28
20.0,29
20.0,60
20.0,38
20.0,10
20.0,132
20.0,30
20.0,23
20.0,59
20.0,40
20.0,9
20.0,135
20.0,30
20.0,19
20.0,57
20.0,41
20.0,12
20.0,138
20.0,28
20.0,15
20.0,54
20.0,43
20.0,17
20.0,142
20.0,26
20.0,16
20.0,54
20.0,45
20.0,15
20.0,146
20.0,25
20.0,14
20.0,53
20.0,46
20.0,14
20.0,150
20.0,24
20.0,15
20.0,51
20.0,48
20.0,23
20.0,149
20.0,21
20.0,17
20.0,47
20.0,49
20.0,30
20.0,147
20.0,24
20.0,14
20.0,40
20.0,52
20.0,32
20.0,146
20.0,27
20.0,17
20.0,36
20.0,53
20.0,28
20.0,145
20.0,28
20.0,20
20.0,33
20.0,54
20.0,27
20.0,145
20.0,30
20.0,16
20.0,31
20.0,54
20.0,26
20.0,144
20.0,32
20.0,13
20.0,29
20.0,55
20.0,24
20.0,99
20.0,35
20.0,9
20.0,27
20.0,55
20.0,23
20.0,143
20.0,38
20.0,10
20.0,24
20.0,54
20.0,27
20.0,143
20.0,41
20.0,8
20.0,23
20.0,53
20.0,28
20.0,94
20.0,39
20.0,8
20.0,21
20.0,53
20.0,28
20.0,92
20.0,37
20.0,9
20.0,20
20.0,54
20.0,27
20.0,89
20.0,36
20.0,14
20.0,19
20.0,55
20.0,26
20.0,87
20.0,34
20.0,22
20.0,16
20.0,54
20.0,24
20.0,85
20.0,33
20.0,33
20.0,13
20.0,54
20.0,21
20.0,82
20.0,76
20.0,44
20.0,8
20.0,53
20.0,19
20.0,79
20.0,74
20.0,53
20.0,4
20.0,53
20.0,16
20.0,78
20.0,71
20.0,60
20.0,2
20.0,54
20.0,11
20.0,76
20.0,70
20.0,66
20.0,9
20.0,54
20.0,9
20.0,73
20.0,68
20.0,71
20.0,10
20.0,54
20.0,14
20.0,71
20.0,67
20.0,66
20.0,13
20.0,54
20.0,20
20.0,69
20.0,63
20.0,64
20.0,16
20.0,54
20.0,25
20.0,68
20.0,62
20.0,60
20.0,17
20.0,50
20.0,74
20.0,67
20.0,69
20.0,59
20.0,23
20.0,45
20.0,69
20.0,65
20.0,73
20.0,61
20.0,21
20.0,41
20.0,65
20.0,64
20.0,74
20.0,63
20.0,18
20.0,45
20.0,58
20.0,62
20.0,77
20.0,67
20.0,15
20.0,46
20.0,59
20.0,60
20.0,78
20.0,68
20.0,18
20.0,46
20.0,62
20.0,58
20.0,80
20.0,65
20.0,19
20.0,45
20.0,59
20.0,57
20.0,90
20.0,62
20.0,21
20.0,90
20.0,66
20.0,55
20.0,86
20.0,60
20.0,17
20.0,48
20.0,63
20.0,53
20.0,89
20.0,55
20.0,20
20.0,52
20.0,59
20.0,51
20.0,90
20.0,52
20.0,25
20.0,55
20.0,59
20.0,49
20.0,95
20.0,48
20.0,21
20.0,57
20.0,63
20.0,48
20.0,98
20.0,45
20.0,22
20.0,60
20.0,66
20.0,45
20.0,101
20.0,42
20.0,26
20.0,64
20.0,71
20.0,43
20.0,104
20.0,37
20.0,74
20.0,67
20.0,69
20.0,40
20.0,109
20.0,34
20.0,65
20.0,70
20.0,72
20.0,38
20.0,109
20.0,30
20.0,63
20.0,73
20.0,75
20.0,36
20.0,113
20.0,26
20.0,66
20.0,79
20.0,76
20.0,33
20.0,111
20.0,22
20.0,63
20.0,82
20.0,80
20.0,32
20.0,112
20.0,18
20.0,19
20.0,132
20.0,84
20.0,31
20.0,109
20.0,13
20.0,15
20.0,136
20.0,88
20.0,33
20.0,62
20.0,19
20.0,16
20.0,141
20.0,89
20.0,35
20.0,59
20.0,20
20.0,17
20.0,139
20.0,90
20.0,34
20.0,57
20.0,26
20.0,19
20.0,137
20.0,95
20.0,91
20.0,59
20.0,20
20.0,19
20.0,136
20.0,99
20.0,94
20.0,63
20.0,16
20.0,20
20.0,132
20.0,103
20.0,99
20.0,60
20.0,11
20.0,23
20.0,131
20.0,102
20.0,98
20.0,57
20.0,7
20.0,20
20.0,73
20.0,100
20.0,97
20.0,56
20.0,3
22.0,25
22.0,132
22.0,99
22.0,97
22.0,57
22.0,8
22.0,28
22.0,135
21.0,97
21.0,97
21.0,56
21.0,11
21.0,27
21.0,73
21.0,96
21.0,96
21.0,58
21.0,13
21.0,71
21.0,71
21.0,94
21.0,35
21.0,57
21.0,17
21.0,70
21.0,69
21.0,93
21.0,97
21.0,60
21.0,64
21.0,71
21.0,67
21.0,95
21.0,95
21.0,61
21.0,58
21.0,72
21.0,64
22.0,95
22.0,98
22.0,65
22.0,65
22.0,78
22.0,66
22.0,95
22.0,99
22.0,69
22.0,72
22.0,84
22.0,64
22.0,98
22.0,43
22.0,71
22.0,80
22.0,89
22.0,63
22.0,99
22.0,39
22.0,77
22.0,82
22.0,91
22.0,64
22.0,98
22.0,37
22.0,80
22.0,85
22.0,90
22.0,64
22.0,99
22.0,40
22.0,86
22.0,87
22.0,95
22.0,65
22.0,101
22.0,40
22.0,85
22.0,89
22.0,95
22.0,65
22.0,102
22.0,45
22.0,84
22.0,93
22.0,99
22.0,64
22.0,107
22.0,48
22.0,88
22.0,92
22.0,99
22.0,59
22.0,111
22.0,106
22.0,88
22.0,93
22.0,99
22.0,55
22.0,111
22.0,109
22.0,88
22.0,92
22.0,101
22.0,53
22.0,115
22.0,111
22.0,93
22.0,94
22.0,104
22.0,50
22.0,116
22.0,114
22.0,94
22.0,98
22.0,110
22.0,47
22.0,116
22.0,118
22.0,99
22.0,105
22.0,114
22.0,47
22.0,117
22.0,121
22.0,99
21.0,110
21.0,116
21.0,47
21.0,115
21.0,123
21.0,103
21.0,105
21.0,70
21.0,44
21.0,115
21.0,122
21.0,141
21.0,105
21.0,68
21.0,41
21.0,114
21.0,122
21.0,139
21.0,56
21.0,69
21.0,37
21.0,115
21.0,121
21.0,142
21.0,46
21.0,66
21.0,36
21.0,71
21.0,119
21.0,140
21.0,36
21.0,63
21.0,34
21.0,69
21.0,50
21.0,137
21.0,31
21.0,61
21.0,33
21.0,72
21.0,106
21.0,140
21.0,37
21.0,61
21.0,31
21.0,73
21.0,101
21.0,141
21.0,36
21.0,61
21.0,33
21.0,69
21.0,96
21.0,141
21.0,36
21.0,65
21.0,34
21.0,65
21.0,91
21.0,145
21.0,41
21.0,65
21.0,83
21.0,61
21.0,84
21.0,144
21.0,46
21.0,60
21.0,79
21.0,57
21.0,75
21.0,144
21.0,51
21.0,125
21.0,75
21.0,59
21.0,68
21.0,148
21.0,52
21.0,127
21.0,73
21.0,62
21.0,58
21.0,149
21.0,51
21.0,128
21.0,72
21.0,63
21.0,49
21.0,149
21.0,53
21.0,127
21.0,70
21.0,65
21.0,53
21.0,113
21.0,55
21.0,128
21.0,70
21.0,65
21.0,67
21.0,112
21.0,55
21.0,127
21.0,69
21.0,64
21.0,21
21.0,111
21.0,56
21.0,127
21.0,70
21.0,63
21.0,24
21.0,111
21.0,56
21.0,126
21.0,67
21.0,65
21.0,34
21.0,110
21.0,54
21.0,126
21.0,67
21.0,65
21.0,41
21.0,114
21.0,57
21.0,126
21.0,68
21.0,63
21.0,45
21.0,116
21.0,61
21.0,66
21.0,69
21.0,59
21.0,48
21.0,117
21.0,63
21.0,61
21.0,67
21.0,64
21.0,50
21.0,116
21.0,63
21.0,60
21.0,66
21.0,75
21.0,54
21.0,116
21.0,67
21.0,62
21.0,66
21.0,80
21.0,46
21.0,120
21.0,70
21.0,62
21.0,60
21.0,89
21.0,37
21.0,121
21.0,73
21.0,62
21.0,59
21.0,94
21.0,32
21.0,121
21.0,121
21.0,62
21.0,60
21.0,89
21.0,30
21.0,122
21.0,121
21.0,63
21.0,58
21.0,93
21.0,29
21.0,123
21.0,119
21.0,65
21.0,10
21.0,94
21.0,23
21.0,126
21.0,115
21.0,64
21.0,19
21.0,95
21.0,17
21.0,128
21.0,113
21.0,66
21.0,27
21.0,95
21.0,23
21.0,118
21.0,109
21.0,66
21.0,36
21.0,92
20.0,79
20.0,112
20.0,56
20.0,68
20.0,40
20.0,91
20.0,78
20.0,107
20.0,54
20.0,69
20.0,44
20.0,89
20.0,77
20.0,103
20.0,53
20.0,70
20.0,47
20.0,88
20.0,76
20.0,99
20.0,56
20.0,70
20.0,51
20.0,87
20.0,75
20.0,94
20.0,58
20.0,71
20.0,55
20.0,91
20.0,74
20.0,86
20.0,63
20.0,69
20.0,60
20.0,95
20.0,74
20.0,79
20.0,65
20.0,70
20.0,64
20.0,101
20.0,75
20.0,69
20.0,67
20.0,69
20.0,67
20.0,107
20.0,76
20.0,62
20.0,64
20.0,71
20.0,70
20.0,111
20.0,77
20.0,58
20.0,64
20.0,74
20.0,72
20.0,114
20.0,81
20.0,52
20.0,63
20.0,74
20.0,74
20.0,119
20.0,33
20.0,48
20.0,62
20.0,73
20.0,76
20.0,125
20.0,47
20.0,46
20.0,61
20.0,76
20.0,80
20.0,128
20.0,57
20.0,47
20.0,58
20.0,77
20.0,80
20.0,127
20.0,61
20.0,44
20.0,58
20.0,80
20.0,81
20.0,128
20.0,61
20.0,43
20.0,59
20.0,80
20.0,80
20.0,129
20.0,109
20.0,42
20.0,64
20.0,80
20.0,81
20.0,128
20.0,107
20.0,41
20.0,66
20.0,83
20.0,84
20.0,127
20.0,46
20.0,43
20.0,68
20.0,82
20.0,88
20.0,126
20.0,43
20.0,46
20.0,74
20.0,80
20.0,85
20.0,123
20.0,50
20.0,43
20.0,78
20.0,80
20.0,85
20.0,117
20.0,51
20.0,40
20.0,79
20.0,77
20.0,82
20.0,115
20.0,53
20.0,37
20.0,82
20.0,73
20.0,80
20.0,106
20.0,45
20.0,33
20.0,80
20.0,61
20.0,75
20.0,98
20.0,41
20.0,37
20.0,82
20.0,57
20.0,66
20.0,76
20.0,35
20.0,31
20.0,82
20.0,133
20.0,54
20.0,38
20.0,30
20.0,26
20.0,83
20.0,137
20.0,48
20.0,33
20.0,24
20.0,23
20.0,85
20.0,85
20.0,46
20.0,30
20.0,24
20.0,19
20.0,87
20.0,85
20.0,44
20.0,24
20.0,40
20.0,16
20.0,89
20.0,82
20.0,42
20.0,20
20.0,98
20.0,12
20.0,83
20.0,81
20.0,41
20.0,17
20.0,97
20.0,8
20.0,77
20.0,80
20.0,40
20.0,14
20.0,94
20.0,5
20.0,72
20.0,79
20.0,39
20.0,14
20.0,39
20.0,5
20.0,68
20.0,78
20.0,37
20.0,78
20.0,23
20.0,10
20.0,64
20.0,138
20.0,36
20.0,85
20.0,29
20.0,18
20.0,62
20.0,137
20.0,34
20.0,98
20.0,49
20.0,23
20.0,61
20.0,136
20.0,32
20.0,48
20.0,107
20.0,27
20.0,61
20.0,135
20.0,30
20.0,50
20.0,115
20.0,30
20.0,61
20.0,134
20.0,27
20.0,52
20.0,71
20.0,39
20.0,62
20.0,133
20.0,27
20.0,57
20.0,76
20.0,44
20.0,64
20.0,133
20.0,32
20.0,53
20.0,80
20.0,45
20.0,66
20.0,70
20.0,35
20.0,52
20.0,66
20.0,40
20.0,66
20.0,69
20.0,36
20.0,52
20.0,54
20.0,30
20.0,66
20.0,67
20.0,37
20.0,52
20.0,36
20.0,21
20.0,67
20.0,66
20.0,40
20.0,107
20.0,17
20.0,20
20.0,67
20.0,65
20.0,41
20.0,100
20.0,54
20.0,11
20.0,64
20.0,67
20.0,35
20.0,91
20.0,57
20.0,5
20.0,61
20.0,66
20.0,29
20.0,88
20.0,57
20.0,2
20.0,59
20.0,65
20.0,25
20.0,87
20.0,57
20.0,5
20.0,57
20.0,65
20.0,19
20.0,86
20.0,58
20.0,9
20.0,55
20.0,64
20.0,14
20.0,86
20.0,58
20.0,13
20.0,52
20.0,65
20.0,10
20.0,86
20.0,57
20.0,17
20.0,50
20.0,69
20.0,7
20.0,86
20.0,55
20.0,19
20.0,55
20.0,69
20.0,16
20.0,87
20.0,54
20.0,28
20.0,54
20.0,72
20.0,16
20.0,89
20.0,125
20.0,30
20.0,50
20.0,75
20.0,17
20.0,90
20.0,135
20.0,28
20.0,47
20.0,77
20.0,17
20.0,93
20.0,62
20.0,27
20.0,48
20.0,123
20.0,18
20.0,94
20.0,80
20.0,27
20.0,45
20.0,107
20.0,19
20.0,90
20.0,80
20.0,29
20.0,49
20.0,102
20.0,21
20.0,34
20.0,82
20.0,29
20.0,51
20.0,97
20.0,23
20.0,31
20.0,78
20.0,29
20.0,55
20.0,99
20.0,27
20.0,29
20.0,68
20.0,33
20.0,58
20.0,101
20.0,31
20.0,27
20.0,51
20.0,37
20.0,62
20.0,104
20.0,35
20.0,28
20.0,31
20.0,42
20.0,66
20.0,60
20.0,40
20.0,29
20.0,23
20.0,38
20.0,70
20.0,58
20.0,45
20.0,31
20.0,27
20.0,37
20.0,72
20.0,55
20.0,45
20.0,33
20.0,32
20.0,36
20.0,74
20.0,50
20.0,45
20.0,36
20.0,35
20.0,36
20.0,79
20.0,47
20.0,45
20.0,30
20.0,38
20.0,34
20.0,81
20.0,45
20.0,44
20.0,36
20.0,37
20.0,30
20.0,83
20.0,43
20.0,39
20.0,36
20.0,33
20.0,27
20.0,86
20.0,43
20.0,38
20.0,34
20.0,31
20.0,23
20.0,81
20.0,41
20.0,36
20.0,37
20.0,28
20.0,19
20.0,77
20.0,41
20.0,31
20.0,37
20.0,6
20.0,14
20.0,75
20.0,39
20.0,27
20.0,38
20.0,12
20.0,10
20.0,73
20.0,41
20.0,22
20.0,41
20.0,13
20.0,9
20.0,72
20.0,45
20.0,17
20.0,44
20.0,11
20.0,11
20.0,73
20.0,42
20.0,23
20.0,44
20.0,11
20.0,5
20.0,74
20.0,44
20.0,25
20.0,47
20.0,14
20.0,8
20.0,75
20.0,41
20.0,28
20.0,44
20.0,37
20.0,15
20.0,75
20.0,44
20.0,27
20.0,43
20.0,42
20.0,19
20.0,76
20.0,53
20.0,24
20.0,43
20.0,40
20.0,17
20.0,76
20.0,53
20.0,23
20.0,42
20.0,33
20.0,13
20.0,77
20.0,50
20.0,22
20.0,43
20.0,36
20.0,11
20.0,77
20.0,52
20.0,22
20.0,42
20.0,40
20.0,10
20.0,77
20.0,57
20.0,23
20.0,42
20.0,45
20.0,8
20.0,77
20.0,60
20.0,24
20.0,44
20.0,44
20.0,8
20.0,76
20.0,64
20.0,27
20.0,49
20.0,51
20.0,13
20.0,75
20.0,110
20.0,28
20.0,48
20.0,56
20.0,15
20.0,77
20.0,109
20.0,31
20.0,48
20.0,57
20.0,19
20.0,79
20.0,109
20.0,34
20.0,51
20.0,53
20.0,22
20.0,79
20.0,110
20.0,37
20.0,46
20.0,51
20.0,18
20.0,76
20.0,112
20.0,40
20.0,44
20.0,46
20.0,16
20.0,74
20.0,115
20.0,43
20.0,43
20.0,40
20.0,16
20.0,70
20.0,119
20.0,46
20.0,45
20.0,38
20.0,16
20.0,71
20.0,123
20.0,48
20.0,47
20.0,36
20.0,14
20.0,66
20.0,121
20.0,52
20.0,45
20.0,35
20.0,13
20.0,64
20.0,121
20.0,50
20.0,47
20.0,33
20.0,12
20.0,62
20.0,120
20.0,48
20.0,48
20.0,32
20.0,11
20.0,61
20.0,119
20.0,44
20.0,51
20.0,30
20.0,8
20.0,60
20.0,118
20.0,42
20.0,47
20.0,28
20.0,10
20.0,59
20.0,117
20.0,38
20.0,46
20.0,26
20.0,13
20.0,59
20.0,115
20.0,34
20.0,43
20.0,25
20.0,17
20.0,60
20.0,114
20.0,31
20.0,41
20.0,27
20.0,20
20.0,59
20.0,71
20.0,29
20.0,38
20.0,27
20.0,20
20.0,58
20.0,69
20.0,27
20.0,38
20.0,26
20.0,23
20.0,79
20.0,69
20.0,25
20.0,38
20.0,24
20.0,22
20.0,72
20.0,68
20.0,23
20.0,39
20.0,24
20.0,18
20.0,67
20.0,69
20.0,21
20.0,42
20.0,29
20.0,16
20.0,62
20.0,67
20.0,20
20.0,40
20.0,37
20.0,15
20.0,60
20.0,65
20.0,18
20.0,42
20.0,40
20.0,12
20.0,54
20.0,72
20.0,17
20.0,47
20.0,35
20.0,15
20.0,54
20.0,71
20.0,18
20.0,44
20.0,36
20.0,18
20.0,53
20.0,71
20.0,22
20.0,45
20.0,38
20.0,22
20.0,51
20.0,69
20.0,26
20.0,44
20.0,39
20.0,17
20.0,47
20.0,70
20.0,28
20.0,47
20.0,53
20.0,15
20.0,47
20.0,67
20.0,30
20.0,46
