6.207048435964854E-6,6.964652474786963E-5,0.004457377583863656,0.28527216536727396,18.257418583505537
2.0963805062430266E-6,1.341683523995536E-4,0.00858677455357143,0.5495535714285715,35.17142857142858
2.0846724510192876E-6,1.334190368652344E-4,0.008538818359375,0.5464843749999999,34.975
2.0715925428602425E-6,1.3258192274305557E-4,0.008485243055555555,0.5430555555555555,34.75555555555556
2.0647048950195304E-6,1.3214111328125E-4,0.008457031250000002,0.54125,34.64
2.056902105158025E-6,1.316417347301136E-4,0.00842507102272727,0.5392045454545452,34.5090909090909
2.0583470662434895E-6,1.3173421223958335E-4,0.008430989583333333,0.5395833333333333,34.533333333333324
2.0577357365534867E-6,1.3169508713942312E-4,0.00842848557692308,0.5394230769230771,34.523076923076935
2.0631419528674087E-6,1.316347875222576E-4,0.008424626401424487,0.5391760896911671,34.507269740234705
2.0645975052128707E-6,1.3169778350383365E-4,0.008428658144245354,0.5394341212317025,34.52378375882897
2.2999001353986645E-6,1.2794883599280107E-4,0.008188725503539267,0.5240784322265131,33.541019662496836
2.536035040721148E-6,1.2412860364074106E-4,0.007944230633007428,0.508430760512475,32.53956867279841
2.76552334321462E-6,1.2063131943391333E-4,0.007720404443770453,0.4941058844013089,31.62277660168376
2.957549086513798E-6,1.1741390442869041E-4,0.007514489883436186,0.4809273525399159,30.77935056255462
3.138184547424314E-6,1.1444091796875004E-4,0.0073242187500000035,0.4687500000000002,30.000000000000014
3.3115540690924375E-6,1.1168290019400014E-4,0.007147705612416009,0.4574531591946246,29.277002188455974
3.4675239551924527E-6,1.0911513396212673E-4,0.006983368573576113,0.4469355887088713,28.603877677367755
3.618485847910424E-6,1.0671670626529465E-4,0.006829869200978859,0.4371116288626472,27.9751442472094
6.329710055235263E-6,6.339240441571495E-5,0.004057113882605758,0.25965528848676833,16.61793846315317
3.890319888592368E-6,1.0235906879424084E-4,0.006550980402831414,0.4192627457812106,26.83281572999747
6.022311920136452E-6,6.818850863929513E-5,0.004364064552914892,0.2793001313865531,17.875208408739397
4.129171350997158E-6,9.849505987059062E-5,0.006303683831717798,0.4034357652299391,25.8198889747161
4.241044402361308E-6,9.672022873632617E-5,0.0061900946391248764,0.39616605690399204,25.354627641855494
4.351174628097124E-6,9.503800947617338E-5,0.006082432606475095,0.38927568681440605,24.913643956121987
4.447723048250254E-6,9.344061823971474E-5,0.005980199567341742,0.38273277230987146,24.494897427831773
4.52999933397136E-6,9.19211573298453E-5,0.005882954069110097,0.3765090604230462,24.096579867074958
4.6085816737978865E-6,9.047348957543501E-5,0.005790303332827841,0.3705794133009819,23.717082451262833
4.6801281356818196E-6,8.909213380754734E-5,0.0057018965636830305,0.36492138007571384,23.354968324845697
4.752213193218026E-6,8.777217737358507E-5,0.005617419351909446,0.3595148385222046,23.00894966542109
4.838361785620437E-6,8.650920250150156E-5,0.0055365889600961,0.3543416934461504,22.677868380553626
4.912518978781667E-6,8.52992239952008E-5,0.0054591503356928505,0.3493856214843425,22.36067977499792
4.972391962849602E-6,8.413863625646298E-5,0.0053848727204136295,0.34463185410647235,22.056438662814227
5.03004899071761E-6,8.302416802711616E-5,0.005313546753735435,0.3400669922390678,21.76428750330034
5.084096452357603E-6,8.195284355614851E-5,0.0052449819875935045,0.3356788472059842,21.483446221182994
5.136262551403896E-6,8.09219491409165E-5,0.005179004745018655,0.33145630368119405,21.213203435596412
5.208461669616121E-6,7.992900418505606E-5,0.005115456267843587,0.3273892011419896,20.95290887308734
5.720277170299163E-6,6.964652474786962E-5,0.004457377583863656,0.285272165367274,18.257418583505533
2.004419054303851E-6,1.2828281947544642E-4,0.008210100446428571,0.5254464285714284,33.628571428571426
1.9907951354980464E-6,1.2741088867187502E-4,0.008154296875,0.5218750000000001,33.39999999999999
1.978874206542969E-6,1.2664794921875E-4,0.008105468749999997,0.5187499999999999,33.19999999999999
1.9752979278564453E-6,1.264190673828125E-4,0.008090820312499998,0.5178125,33.14
1.9691207192160864E-6,1.2602372602982953E-4,0.00806551846590909,0.5161931818181817,33.03636363636363
1.9808610280354814E-6,1.267751057942708E-4,0.008113606770833334,0.5192708333333333,33.23333333333335
1.977040217472957E-6,1.2653057391826927E-4,0.008097956730769235,0.5182692307692309,33.169230769230786
1.971210752214704E-6,1.2615748814174104E-4,0.008074079241071426,0.5167410714285712,33.071428571428555
1.9700989675594193E-6,1.2570752215055968E-4,0.00804528141763582,0.5148980107286927,32.953472686636324
1.969021236373841E-6,1.256135038459482E-4,0.008039264246140685,0.514512911753004,32.92882635219225
2.041667104642914E-6,1.2412860364074098E-4,0.00794423063300742,0.5084307605124752,32.5395686727984
2.301931661628243E-6,1.2063131943391338E-4,0.007720404443770458,0.4941058844013094,31.62277660168379
2.486986101444925E-6,1.1741390442869042E-4,0.007514489883436186,0.48092735253991586,30.77935056255462
2.6404857635498045E-6,1.1444091796875E-4,0.007324218750000002,0.4687500000000001,30.000000000000014
2.7864655317854273E-6,1.1168290019400014E-4,0.007147705612416009,0.4574531591946245,29.277002188455967
2.920244944072958E-6,1.0911513396212673E-4,0.006983368573576111,0.4469355887088711,28.603877677367745
3.048354463102335E-6,1.067167062652947E-4,0.006829869200978861,0.4371116288626471,27.975144247209414
6.268583761858589E-6,5.582709269193575E-5,0.0035729339322838876,0.22866777166616858,14.634737386634795
3.349109714031823E-6,1.0235906879424087E-4,0.006550980402831415,0.4192627457812104,26.83281572999747
6.0704257718108154E-6,5.843214056944635E-5,0.0037396569964445675,0.2393380477724524,15.31763505743695
3.541955220987754E-6,9.849505987059062E-5,0.0063036838317178,0.40343576522993907,25.8198889747161
3.6300967934135553E-6,9.672022873632622E-5,0.006190094639124878,0.3961660569039922,25.3546276418555
3.716076861352449E-6,9.503800947617327E-5,0.006082432606475091,0.38927568681440583,24.913643956121973
3.849689779003837E-6,9.344061823971468E-5,0.00598019956734174,0.3827327723098714,24.494897427831766
3.932030155740828E-6,9.192115732984535E-5,0.005882954069110101,0.37650906042304666,24.096579867074972
4.005084645447054E-6,9.047348957543508E-5,0.005790303332827846,0.3705794133009822,23.717082451262858
4.073244479786934E-6,8.909213380754735E-5,0.00570189656368303,0.364921380075714,23.3549683248457
4.1403890453765165E-6,8.777217737358515E-5,0.00561741935190945,0.3595148385222047,23.00894966542111
4.204849561150572E-6,8.650920250150159E-5,0.005536588960096101,0.3543416934461505,22.67786838055363
4.313161161873572E-6,8.529922399520074E-5,0.005459150335692848,0.3493856214843422,22.3606797749979
4.376345515095689E-6,8.413863625646299E-5,0.005384872720413631,0.34463185410647246,22.056438662814237
4.429296913113007E-6,8.302416802711624E-5,0.005313546753735439,0.34006699223906806,21.76428750330036
4.47735173502863E-6,8.195284355614851E-5,0.005244981987593505,0.3356788472059843,21.48344622118299
4.532765523053067E-6,8.092194914091654E-5,0.005179004745018659,0.33145630368119416,21.21320343559642
4.581886013562611E-6,7.992900418505611E-5,0.00511545626784359,0.3273892011419899,20.95290887308735
4.746734638967785E-6,6.964652474786962E-5,0.004457377583863655,0.2852721653672739,18.257418583505537
5.302374851295187E-6,6.448015249088414E-5,0.004126729759416584,0.2641107046026614,16.903085094570336
5.506244110860373E-6,6.031565971695672E-5,0.00386020222188523,0.24705294220065457,15.811388300841893
1.8490685356987845E-6,1.1834038628472225E-4,0.007573784722222223,0.48472222222222217,31.02222222222222
1.8405914306640627E-6,1.1779785156250001E-4,0.007539062500000001,0.48249999999999993,30.880000000000003
1.8434091047807164E-6,1.1797818270596592E-4,0.007550603693181817,0.4832386363636362,30.927272727272722
1.8407901128133146E-6,1.1781056722005208E-4,0.007539876302083333,0.4825520833333332,30.883333333333326
1.8605819115271943E-6,1.1907724233774045E-4,0.007620943509615386,0.4877403846153848,31.21538461538463
1.853704452514648E-6,1.1863708496093748E-4,0.007592773437499996,0.4859374999999997,31.09999999999999
1.8445650736490876E-6,1.1805216471354166E-4,0.007555338541666664,0.48354166666666665,30.94666666666666
1.835823059082031E-6,1.1749267578125E-4,0.00751953125,0.48124999999999996,30.799999999999997
1.8359565811773677E-6,1.1715394849252243E-4,0.007497852703521435,0.4798625730253717,30.711204673623797
1.8297828630403463E-6,1.1674160841444473E-4,0.007471462938524463,0.4781736280655656,30.6031121961962
1.872117134288266E-6,1.1741390442869037E-4,0.007514489883436183,0.4809273525399157,30.779350562554608
2.02953815460205E-6,1.1444091796875003E-4,0.007324218750000002,0.4687500000000002,30.0
2.1591976034348823E-6,1.1168290019400023E-4,0.0071477056124160145,0.4574531591946248,29.277002188456002
2.2781403617198806E-6,1.0911513396212682E-4,0.006983368573576115,0.44693558870887123,28.60387767736777
2.3952948768676203E-6,1.067167062652947E-4,0.006829869200978862,0.43711162886264726,27.975144247209407
6.15928682032285E-6,4.597280624023157E-5,0.002942259599374819,0.18830461435998852,12.051495319039262
2.698226993084557E-6,1.0235906879424084E-4,0.0065509804028314154,0.41926274578121053,26.832815729997474
5.995322244744761E-6,4.9180059303434844E-5,0.003147523795419824,0.20144152290686881,12.892257466039608
2.8907192873307082E-6,9.849505987059059E-5,0.006303683831717798,0.40343576522993907,25.819888974716097
2.970188226257445E-6,9.672022873632617E-5,0.006190094639124874,0.39616605690399187,25.354627641855487
3.066591766558533E-6,9.503800947617335E-5,0.006082432606475096,0.38927568681440605,24.913643956121987
3.146354970654221E-6,9.344061823971474E-5,0.005980199567341742,0.3827327723098716,24.49489742783178
3.2898381765479094E-6,9.192115732984535E-5,0.005882954069110101,0.37650906042304644,24.096579867074972
3.3568841335146834E-6,9.047348957543503E-5,0.005790303332827839,0.3705794133009818,23.717082451262833
3.419399588614469E-6,8.909213380754724E-5,0.005701896563683024,0.36492138007571345,23.354968324845665
3.4759725639096625E-6,8.777217737358514E-5,0.00561741935190945,0.3595148385222048,23.008949665421103
3.5372775396661956E-6,8.650920250150156E-5,0.0055365889600961,0.3543416934461504,22.677868380553626
3.5929383708376106E-6,8.529922399520064E-5,0.005459150335692841,0.34938562148434193,22.360679774997873
3.711028804494717E-6,8.413863625646296E-5,0.005384872720413629,0.3446318541064724,22.056438662814223
3.762666017598767E-6,8.302416802711625E-5,0.005313546753735439,0.3400669922390681,21.764287503300363
3.8003041033491965E-6,8.195284355614845E-5,0.005244981987593502,0.3356788472059842,21.483446221182987
3.8339010630616165E-6,8.092194914091652E-5,0.005179004745018655,0.3314563036811939,21.213203435596416
3.870991591729296E-6,7.992900418505612E-5,0.005115456267843591,0.3273892011419899,20.952908873087353
3.7185130460407823E-6,7.354135840201936E-5,0.004706646937729238,0.30122540401467135,19.278425856938966
4.229491245338158E-6,6.448015249088412E-5,0.004126729759416584,0.26411070460266145,16.90308509457033
4.776087212361835E-6,6.031565971695674E-5,0.0038602022218852303,0.24705294220065468,15.811388300841909
4.9229707015888595E-6,5.686614933013381E-5,0.003639433557128563,0.23292374765622795,14.907119849998598
1.6820430755615238E-6,1.076507568359375E-4,0.0068896484375,0.4409375,28.21999999999999
1.666762612082741E-6,1.0667280717329545E-4,0.006827059659090907,0.43693181818181825,27.96363636363636
1.659989356994629E-6,1.0623931884765626E-4,0.00679931640625,0.43515625,27.85
1.6524241520808292E-6,1.0575514573317311E-4,0.006768329326923077,0.433173076923077,27.723076923076917
1.6851084572928284E-6,1.0784694126674105E-4,0.006902204241071426,0.44174107142857133,28.271428571428565
1.6768773396809898E-6,1.0732014973958332E-4,0.0068684895833333315,0.4395833333333333,28.133333333333322
1.66669487953186E-6,1.0666847229003911E-4,0.006826782226562501,0.43691406250000014,27.9625
1.6556066625258492E-6,1.0595882640165437E-4,0.006781364889705878,0.43400735294117637,27.776470588235277
1.6497241126166445E-6,1.0558234320746528E-4,0.006757269965277777,0.43246527777777777,27.677777777777777
1.6432059438605057E-6,1.0516518040707238E-4,0.006730571546052631,0.43075657894736835,27.568421052631592
1.6647577285766604E-6,1.0654449462890625E-4,0.006818847656249998,0.43640625,27.929999999999993
1.6621249806554831E-6,1.0605755641535303E-4,0.006787683610582596,0.4344117510772861,27.802352068946313
1.6562623820251432E-6,1.0567039237499112E-4,0.006762905111999432,0.432825927167964,27.70085933874968
1.6483087493963915E-6,1.051511874722936E-4,0.006729675998226792,0.4306992638865147,27.564752888736933
-2.8268097270060347E-6,1.7651811985735697E-4,0.011297159670870846,0.7230182189357343,46.273166011886985
1.785083835125573E-6,1.0235906879424084E-4,0.0065509804028314154,0.4192627457812105,26.83281572999747
-2.5286881082215314E-6,1.7272630146081134E-4,0.011054483293491927,0.7074869307834832,45.27916357014293
2.087160372580995E-6,9.84950598705907E-5,0.006303683831717801,0.4034357652299392,25.81988897471612
2.169782996416486E-6,9.672022873632618E-5,0.006190094639124876,0.3961660569039921,25.354627641855494
2.23829273743845E-6,9.503800947617338E-5,0.006082432606475096,0.38927568681440605,24.913643956121994
2.321824051261321E-6,9.344061823971468E-5,0.005980199567341738,0.38273277230987135,24.49489742783176
2.3919230439638013E-6,9.19211573298453E-5,0.005882954069110099,0.3765090604230463,24.096579867074972
2.550358783897677E-6,9.047348957543503E-5,0.0057903033328278435,0.3705794133009819,23.717082451262833
2.6120275821114484E-6,8.909213380754731E-5,0.005701896563683028,0.36492138007571384,23.354968324845675
2.6695567816543716E-6,8.77721773735852E-5,0.005617419351909454,0.35951483852220495,23.00894966542112
2.7147334417658056E-6,8.650920250150158E-5,0.005536588960096102,0.35434169344615046,22.677868380553633
2.7750301897530786E-6,8.529922399520072E-5,0.005459150335692845,0.34938562148434216,22.360679774997894
2.826624750935543E-6,8.413863625646295E-5,0.005384872720413629,0.3446318541064722,22.056438662814216
2.9517291399967473E-6,8.302416802711622E-5,0.0053135467537354375,0.34006699223906794,21.764287503300352
2.996405560993921E-6,8.195284355614852E-5,0.005244981987593505,0.3356788472059844,21.483446221182998
3.0381790553101503E-6,8.09219491409165E-5,0.005179004745018657,0.3314563036811941,21.21320343559642
3.0685095449972037E-6,7.992900418505616E-5,0.005115456267843595,0.3273892011419901,20.95290887308736
3.385312952309526E-6,6.695163094664132E-5,0.0042849043805850435,0.2742338803574428,17.55096834287634
3.3548489437398136E-6,6.634914157929248E-5,0.004246345061074717,0.27176608390878193,17.393029370162044
3.322004934500588E-6,6.569958273011948E-5,0.004204773294727647,0.2691054908625694,17.22275141520444
4.174601272742288E-6,5.686614933013383E-5,0.0036394335571285647,0.23292374765622811,14.907119849998605
4.281488508288634E-6,5.394796609394434E-5,0.0034526698300124375,0.22097086912079605,14.142135623730946
4.387466046118448E-6,5.14373674364656E-5,0.003291991515933799,0.21068745701976313,13.483997249264839
4.432214620743263E-6,4.9247529935295324E-5,0.003151841915858901,0.20171788261496956,12.909944487358056
1.503871037409855E-6,9.624774639423078E-5,0.00615985576923077,0.3942307692307693,25.230769230769234
1.4969280787876674E-6,9.580339704241069E-5,0.006131417410714284,0.39241071428571417,25.114285714285707
1.5258789062499997E-6,9.765625E-5,0.006249999999999999,0.3999999999999999,25.599999999999994
1.5154480934143065E-6,9.698867797851567E-5,0.006207275390625001,0.39726562500000007,25.425000000000008
1.5055432039148662E-6,9.635476505055144E-5,0.006166704963235291,0.3946691176470586,25.258823529411757
1.4927652147081165E-6,9.553697374131944E-5,0.006114366319444444,0.3913194444444445,25.044444444444444
1.4869790328176397E-6,9.516665810032897E-5,0.006090666118421052,0.38980263157894746,24.947368421052634
1.4805793762207038E-6,9.475708007812499E-5,0.006064453125,0.38812500000000005,24.840000000000003
1.5065783546084438E-6,9.642101469494043E-5,0.006170944940476187,0.3949404761904761,25.276190476190465
1.5004114671186971E-6,9.602633389559662E-5,0.0061456853693181825,0.3933238636363637,25.17272727272728
1.49374422819718E-6,9.559963060461954E-5,0.006118376358695651,0.3915760869565217,25.06086956521738
2.878391774668693E-6,7.25987111381785E-5,0.0046463175128434245,0.29736432082197917,19.031316532606663
1.4801025390625009E-6,9.472656250000008E-5,0.006062500000000004,0.38800000000000023,24.832000000000015
5.280566660542046E-6,3.35097901959005E-5,0.002144626572537637,0.13725610064240873,8.784390441114162
1.4973939441423264E-6,9.553355661232811E-5,0.006114147623189,0.3913054478840958,25.04354866458214
1.4909715206918449E-6,9.511532664061018E-5,0.006087380904999051,0.3895923779199393,24.933912186876107
1.4845832185134852E-6,9.469959566569156E-5,0.00606077412260426,0.38788954384667274,24.824930806187044
1.5151745253010342E-6,9.34406182397147E-5,0.005980199567341742,0.3827327723098714,24.49489742783177
1.590144435210967E-6,9.192115732984527E-5,0.005882954069110099,0.3765090604230464,24.09657986707496
1.6544264671175849E-6,9.047348957543506E-5,0.005790303332827843,0.3705794133009821,23.717082451262847
1.8172989851062397E-6,8.909213380754732E-5,0.005701896563683029,0.36492138007571373,23.35496832484568
1.8719063883366474E-6,8.777217737358515E-5,0.005617419351909449,0.35951483852220467,23.008949665421103
1.9211401713277453E-6,8.65092025015016E-5,0.0055365889600961045,0.35434169344615063,22.67786838055364
1.952154954937269E-6,8.529922399520075E-5,0.005459150335692845,0.34938562148434216,22.3606797749979
2.0066581511875967E-6,8.4138636256463E-5,0.0053848727204136295,0.34463185410647246,22.056438662814237
2.051385295231635E-6,8.302416802711624E-5,0.0053135467537354375,0.34006699223906794,21.764287503300356
2.1833370732885935E-6,8.195284355614853E-5,0.005244981987593504,0.3356788472059842,21.483446221182998
2.2215954218872986E-6,8.092194914091652E-5,0.005179004745018657,0.33145630368119394,21.213203435596416
2.2602124109699623E-6,7.992900418505607E-5,0.005115456267843588,0.32738920114198955,20.95290887308733
2.3724829554147237E-6,6.964652474786963E-5,0.004457377583863657,0.2852721653672739,18.25741858350554
2.52650139461271E-6,6.448015249088414E-5,0.004126729759416586,0.2641107046026613,16.903085094570336
2.922164822023088E-6,5.7791909783665744E-5,0.003698682226154607,0.23671566247389492,15.149802398329275
2.8995812601146357E-6,5.734527270057903E-5,0.0036700974528370576,0.2348862369815717,15.032719166820593
3.4291420880005486E-6,5.394796609394435E-5,0.003452669830012438,0.220970869120796,14.142135623730955
3.509652186699058E-6,5.143736743646562E-5,0.0032919915159338,0.21068745701976316,13.483997249264846
3.592782540156511E-6,4.92475299352953E-5,0.0031518419158589007,0.2017178826149696,12.909944487358056
3.617632297993238E-6,4.7315496287997606E-5,0.0030281917624318463,0.1938042727956382,12.403473458920839
3.7153788071561674E-6,4.559435307824685E-5,0.0029180385970077973,0.186754470208499,11.952286093343941
3.7796484509009076E-6,4.404832986371046E-5,0.0028190931112774694,0.18042195912175804,11.547005383792515
1.3455748558044435E-6,8.611679077148439E-5,0.005511474609375001,0.3527343750000001,22.57500000000001
1.3358452740837547E-6,8.54940975413603E-5,0.0054716222426470585,0.3501838235294117,22.41176470588236
1.32653448316786E-6,8.489820692274306E-5,0.005433485243055557,0.34774305555555557,22.25555555555556
1.3106747677451688E-6,8.38831851356908E-5,0.0053685238486842115,0.3435855263157894,21.98947368421053
1.308321952819824E-6,8.373260498046875E-5,0.005358886718749999,0.34296874999999993,21.949999999999996
1.3016519092378156E-6,8.330572219122021E-5,0.005331566220238093,0.34122023809523794,21.838095238095235
1.3270161368630148E-6,8.492903275923296E-5,0.0054354580965909095,0.3478693181818182,22.263636363636365
1.317521800165591E-6,8.432139521059779E-5,0.005396569293478258,0.3453804347826085,22.10434782608694
-2.797176016026583E-7,1.0930018357062956E-4,0.006995211748520292,0.4476935519052989,28.652387321939116
1.2989044189453117E-6,8.312988281249995E-5,0.005320312499999997,0.3404999999999998,21.791999999999987
-1.6328061206108332E-7,1.0623287224865644E-4,0.006798903823914015,0.4351298447304969,27.8483100627518
1.2892263906973373E-6,8.251048900462962E-5,0.0052806712962962955,0.3379629629629629,21.62962962962963
1.3113021850585933E-6,8.392333984375E-5,0.005371093749999998,0.3437499999999999,21.999999999999993
1.3055472538389019E-6,8.355502424568968E-5,0.0053475215517241395,0.3422413793103448,21.90344827586207
1.2985865275065114E-6,8.31095377604167E-5,0.005319010416666669,0.3404166666666668,21.786666666666676
1.287460327148438E-6,8.239746093750006E-5,0.005273437500000002,0.3375000000000003,21.60000000000001
1.2833625078201294E-6,8.213520050048831E-5,0.005256652832031251,0.33642578125,21.531250000000004
1.2769843592788233E-6,8.172699899384472E-5,0.005230527935606062,0.33475378787878785,21.424242424242433
1.2968308225616375E-6,8.27524194136921E-5,0.005296154842476294,0.3389539099184829,21.6930502347829
1.2902232220027227E-6,8.232600678221983E-5,0.005268864434062068,0.33720732377997237,21.58126872191824
1.2849860999261848E-6,8.198670236808642E-5,0.00524714895155753,0.33581753289968186,21.492322105579653
1.2761389540881732E-6,8.141872873786206E-5,0.00521079863922317,0.3334911129102829,21.34343122625811
1.2731334268331423E-6,8.122127656047236E-5,0.005198161699870231,0.3326823487916949,21.291670322668466
1.2681283779671286E-6,8.089723624198907E-5,0.005177423119487301,0.33135507964718736,21.20672509741998
1.3409367953308997E-6,8.092194914091653E-5,0.005179004745018659,0.33145630368119416,21.21320343559642
1.376319142105629E-6,7.992900418505611E-5,0.005115456267843591,0.32738920114198977,20.952908873087345
1.6572272181100351E-6,6.964652474786967E-5,0.004457377583863658,0.28527216536727396,18.25741858350554
1.8367905050689033E-6,6.448015249088416E-5,0.004126729759416584,0.2641107046026615,16.90308509457034
1.8927125213523158E-6,6.0315659716956703E-5,0.0038602022218852273,0.24705294220065463,15.8113883008419
2.10168418222037E-6,5.6866149330133797E-5,0.003639433557128565,0.2329237476562281,14.907119849998598
2.500333503359321E-6,4.944931482515713E-5,0.0031647561488100566,0.20254439352384357,12.962841185525994
2.6316749221246574E-6,5.2046865574840694E-5,0.0033309993967898044,0.21318396139454754,13.643773529251044
2.587854061312729E-6,5.11802165701031E-5,0.0032755338604865984,0.20963416707114224,13.416586692553107
2.556926257740753E-6,5.05685546883475E-5,0.00323638750005424,0.20712880000347125,13.256243200222167
2.5075687053946286E-6,4.959240604990245E-5,0.003173913987193757,0.20313049518040044,13.000351691545628
2.841868706434764E-6,4.404832986371045E-5,0.002819093111277469,0.180421959121758,11.547005383792515
2.8850817948582302E-6,4.264961199760037E-5,0.002729575167846423,0.17469281074217102,11.18033988749895
3.160576411613889E-6,4.137620121358035E-5,0.002648076877669142,0.1694769201708251,10.846522890932809
3.172468349534899E-6,4.0210439811304444E-5,0.002573468147923485,0.16470196146710306,10.540925533894598
3.19435863876118E-6,3.91379681428968E-5,0.0025048299611453956,0.16030911751330534,10.259783520851535
3.17692756652832E-6,3.814697265625001E-5,0.00244140625,0.15625,10.000000000000002
3.225019825989949E-6,3.7227633398000066E-5,0.002382568537472005,0.1524843863982083,9.759000729485333
3.2429069862145717E-6,3.637171132070893E-5,0.0023277895245253713,0.1489785295696238,9.534625892455923
1.1324882507324215E-6,7.247924804687497E-5,0.004638671874999999,0.2968749999999999,19.0
-6.015317613374131E-7,9.950831250268768E-5,0.006368532000172011,0.40758604801100873,26.08550707270456
1.1153221130371087E-6,7.138061523437497E-5,0.004568359374999997,0.29237499999999983,18.71199999999999
-8.307400783652277E-7,1.014333559586213E-4,0.006491734781351763,0.41547102600651287,26.590145664416823
1.1002575909649882E-6,7.041648582175926E-5,0.004506655092592592,0.2884259259259259,18.45925925925925
1.0941709790910987E-6,7.002694266183036E-5,0.004481724330357142,0.286830357142857,18.35714285714286
1.1152234570733435E-6,7.137430125269401E-5,0.004567955280172417,0.2923491379310347,18.710344827586216
1.1062622070312495E-6,7.080078124999998E-5,0.004531249999999998,0.28999999999999987,18.559999999999988
1.0990327404391374E-6,7.033809538810482E-5,0.004501638104838707,0.2881048387096773,18.43870967741935
1.0874122381210318E-6,6.959438323974607E-5,0.004454040527343748,0.28505859374999987,18.243749999999984
1.0848045349121087E-6,6.942749023437498E-5,0.004443359374999999,0.28437499999999993,18.199999999999992
1.0788440704345696E-6,6.904602050781248E-5,0.004418945312499997,0.2828124999999999,18.099999999999994
1.0970660618373332E-6,7.02122279575893E-5,0.004493582589285714,0.28758928571428577,18.405714285714286
1.0901027255588105E-6,6.976657443576387E-5,0.004465060763888887,0.2857638888888888,18.28888888888888
1.085126722181165E-6,6.944811021959455E-5,0.004444679054054051,0.2844594594594593,18.205405405405394
1.077902944464433E-6,6.898578844572371E-5,0.004415090460526317,0.2825657894736843,18.0842105263158
1.0744119301820421E-6,6.876236353165072E-5,0.004400791266025645,0.28165064102564125,18.025641025641043
1.0702013969421381E-6,6.849288940429684E-5,0.004383544921874998,0.28054687499999986,17.955
1.087421324194932E-6,6.959496474847566E-5,0.00445407774390244,0.28506097560975624,18.243902439024396
9.892158969354366E-7,6.316856819135073E-5,0.004042788364246448,0.25873845531177253,16.55926113995345
9.690278174061398E-7,6.187941373846605E-5,0.003960282479261827,0.2534580786727569,16.22131703505644
9.837416885276103E-7,6.0315659716956656E-5,0.003860202221885226,0.24705294220065455,15.811388300841893
1.0751597444219763E-6,5.68661493301338E-5,0.003639433557128563,0.23292374765622795,14.907119849998598
1.2356911602661731E-6,5.394796609394437E-5,0.0034526698300124388,0.22097086912079605,14.142135623730953
1.353047766644017E-6,5.143736743646563E-5,0.0032919915159338,0.21068745701976307,13.48399724926484
1.8245114118199203E-6,4.9247529935295324E-5,0.003151841915858901,0.20171788261496965,12.909944487358057
2.171439380070134E-6,4.2944746924587014E-5,0.0027484638031735685,0.17590168340310833,11.257707737798938
2.162944608449733E-6,4.277674508176855E-5,0.0027377116852331878,0.175213547854924,11.213667062715137
2.148474204379116E-6,4.249056263227787E-5,0.002719396008465783,0.17404134454181017,11.138646050675852
2.142476602691955E-6,4.237194753808108E-5,0.002711804642437189,0.17355549711598003,11.10755181542272
2.1371846012032832E-6,4.226728716084859E-5,0.002705106378294309,0.1731268082108358,11.080115725493492
2.490326303772096E-6,4.021043981130447E-5,0.002573468147923486,0.16470196146710306,10.540925533894598
2.554392979067512E-6,3.91379681428968E-5,0.0025048299611453956,0.16030911751330534,10.259783520851537
2.545118331909179E-6,3.814697265624999E-5,0.00244140625,0.15624999999999994,9.999999999999998
2.5069257722673892E-6,3.722763339800007E-5,0.0023825685374720047,0.15248438639820833,9.759000729485326
2.5276512489098834E-6,3.637171132070894E-5,0.002327789524525372,0.14897852956962382,9.534625892455926
2.5243748178142853E-6,3.557223542176489E-5,0.0022766230669929535,0.14570387628754902,9.325048082403137
-1.0469301324793592E-6,9.495217606498232E-5,0.006076939268158865,0.38892411316216735,24.89114324237871
2.705032370090685E-6,3.41196895980803E-5,0.0021836601342771385,0.13975424859373686,8.94427190999916
-1.132346742782531E-6,9.481497079242318E-5,0.006068158130715081,0.38836212036576534,24.855175703408975
2.6788623176464774E-6,3.28316866235302E-5,0.002101227943905933,0.13447858840997973,8.606629658238703
2.6958909092291375E-6,3.2240076245442065E-5,0.002063364879708292,0.13205535230133064,8.451542547285163
2.693867752668401E-6,3.167933649205778E-5,0.0020274775354916985,0.12975856227146867,8.304547985373993
2.845533893280686E-6,3.1146872746571575E-5,0.001993399855780581,0.12757759076995714,8.164965809277257
9.51367039834299E-7,6.0887490549395147E-5,0.0038967993951612885,0.24939516129032246,15.961290322580641
9.447336196899411E-7,6.046295166015623E-5,0.0038696289062499977,0.2476562499999999,15.849999999999989
9.356123028379495E-7,5.9879187381628775E-5,0.003832267992424242,0.2452651515151515,15.696969696969695
9.30533689611098E-7,5.955415613511027E-5,0.0038114659926470566,0.24393382352941165,15.61176470588234
9.247234889439176E-7,5.9182303292410734E-5,0.003787667410714287,0.2424107142857144,15.51428571428572
9.440713458591034E-7,6.042056613498261E-5,0.003866916232638886,0.24748263888888872,15.838888888888878
9.398202638368347E-7,6.014849688555741E-5,0.003849503800675673,0.24636824324324308,15.767567567567559
9.317147104363688E-7,5.962974146792758E-5,0.003816303453947365,0.24424342105263147,15.631578947368412
9.203568483010322E-7,5.890283829126609E-5,0.0037697816506410283,0.24126602564102573,15.441025641025654
9.161233901977535E-7,5.863189697265623E-5,0.003752441406249998,0.2401562499999999,15.369999999999997
9.088981442335183E-7,5.816948123094517E-5,0.00372284679878049,0.2382621951219514,15.248780487804886
8.702278137207028E-7,5.569458007812502E-5,0.0035644531249999995,0.22812500000000002,14.599999999999994
9.826760965245364E-7,6.2750954777036E-5,0.004016061105730303,0.25702791076673936,16.44978628907132
1.0582474944968475E-6,6.031565971695671E-5,0.0038602022218852277,0.24705294220065452,15.8113883008419
1.1877462956643804E-6,5.68661493301338E-5,0.0036394335571285625,0.23292374765622811,14.907119849998601
1.2952958050415648E-6,5.3947966093944336E-5,0.003452669830012438,0.22097086912079603,14.14213562373095
1.3801407869964683E-6,5.143736743646562E-5,0.003291991515933799,0.21068745701976313,13.483997249264842
1.4718505968988612E-6,4.9247529935295324E-5,0.0031518419158589007,0.2017178826149697,12.909944487358063
2.1632375316090584E-6,4.2782538248762304E-5,0.002738082447920788,0.1752372766669304,11.215185706683549
2.155328606307303E-6,4.2626122739931345E-5,0.0027280718553556065,0.17459659874275882,11.174182319536566
2.146697137212552E-6,4.245541741918252E-5,0.002717146714827682,0.1738973897489716,11.129432943934185
2.1424766026919555E-6,4.237194753808108E-5,0.002711804642437189,0.17355549711598003,11.10755181542272
2.126208598115665E-6,4.205021378584791E-5,0.002691213682294266,0.172237675666833,11.023211242677315
2.1206334854362396E-6,4.1939954293784056E-5,0.0026841570748021796,0.17178605278733947,10.99430737838973
2.4916512477249955E-6,3.9137968142896806E-5,0.0025048299611453956,0.16030911751330526,10.259783520851544
2.5629997253417973E-6,3.814697265625E-5,0.00244140625,0.15624999999999997,10.000000000000002
2.6289733782360426E-6,3.722763339800008E-5,0.002382568537472004,0.15248438639820827,9.759000729485333
2.703755881200811E-6,3.637171132070892E-5,0.002327789524525371,0.14897852956962376,9.534625892455919
2.7368783339700256E-6,3.5572235421764884E-5,0.002276623066992952,0.145703876287549,9.325048082403134
3.166187427348118E-6,2.885359729280125E-5,0.0018466302267392777,0.11818433451131377,7.563797408724081
2.9792137360574806E-6,3.411968959808029E-5,0.0021836601342771385,0.1397542485937369,8.944271909999157
2.867472643138767E-6,3.6356507609118715E-5,0.0023268164869835978,0.14891625516695028,9.530640330684818
2.979093120959552E-6,3.2831686623530214E-5,0.002101227943905934,0.13447858840997978,8.606629658238703
2.8917347420625625E-6,3.224007624544206E-5,0.0020633648797082926,0.13205535230133067,8.451542547285163
2.858294358945338E-6,3.1679336492057795E-5,0.0020274775354916985,0.12975856227146865,8.304547985374
2.803810641937913E-6,3.114687274657156E-5,0.001993399855780581,0.12757759076995717,8.164965809277259
9.644416070753523E-7,6.172426285282255E-5,0.003950352822580643,0.2528225806451611,16.180645161290315
9.48458909988403E-7,6.070137023925778E-5,0.0038848876953124977,0.24863281249999983,15.912499999999984
9.338061014811194E-7,5.9763590494791644E-5,0.003824869791666666,0.24479166666666663,15.666666666666657
9.175609139835123E-7,5.872389849494484E-5,0.0037583295036764694,0.24053308823529398,15.394117647058815
9.07352992466518E-7,5.8070591517857175E-5,0.0037165178571428588,0.23785714285714293,15.222857142857148
8.947319454616963E-7,5.726284450954859E-5,0.0036648220486111085,0.23454861111111094,15.011111111111106
9.088902860074425E-7,5.8168978304476345E-5,0.0037228146114864848,0.238260135135135,15.24864864864864
8.981478841681219E-7,5.748146458675982E-5,0.0036788137335526275,0.23544407894736818,15.06842105263156
8.891790341108281E-7,5.6907458183093004E-5,0.003642077323717951,0.23309294871794894,14.91794871794873
8.791685104370117E-7,5.6266784667968736E-5,0.003601074218749999,0.2304687499999999,14.749999999999993
8.713908311797361E-7,5.5769013195503095E-5,0.003569216844512198,0.22842987804878068,14.61951219512196
6.953875223795567E-7,4.450480143229167E-5,0.002848307291666667,0.18229166666666666,11.666666666666663
6.692750113351003E-7,4.283360072544644E-5,0.0027413504464285712,0.17544642857142864,11.228571428571426
7.599592208862306E-7,4.863739013671877E-5,0.0031127929687499996,0.19921875,12.749999999999993
7.417466905381947E-7,4.7471788194444466E-5,0.003038194444444444,0.19444444444444436,12.444444444444443
7.283687591552735E-7,4.661560058593751E-5,0.0029833984375,0.19093749999999995,12.220000000000002
7.152557373046871E-7,4.57763671875E-5,0.0029296874999999996,0.18750000000000006,12.000000000000002
7.05587596506261E-7,4.505685598356909E-5,0.002883638782948422,0.18455288210869902,11.81138445495674
6.981619702871975E-7,4.4582676203770205E-5,0.002853291277041294,0.18261064173064287,11.687081070761144
8.884156549519281E-7,4.5594353078246827E-5,0.002918038597007797,0.18675447020849903,11.952286093343936
9.663092175024712E-7,4.4048329863710466E-5,0.00281909311127747,0.180421959121758,11.547005383792515
1.0298872262241962E-6,4.264961199760036E-5,0.0027295751678464227,0.17469281074217097,11.18033988749895
1.0849323112002862E-6,4.137620121358036E-5,0.002648076877669142,0.1694769201708251,10.846522890932807
1.1260422122464867E-6,4.0210439811304464E-5,0.002573468147923486,0.16470196146710311,10.540925533894598
1.177211976099275E-6,3.913796814289679E-5,0.0025048299611453947,0.16030911751330534,10.259783520851533
1.4096498489379884E-6,3.8146972656249986E-5,0.0024414062500000004,0.15625,10.000000000000002
1.6958298103807755E-6,3.353857478241949E-5,0.002146468786074847,0.13737400230879024,8.791936147762577
1.7023495697905817E-6,3.366751663565893E-5,0.0021547210646821707,0.13790214813965895,8.825737480938171
1.712938220990579E-6,3.387692931843062E-5,0.0021681234763795596,0.13875990248829184,8.88063375925068
-1.4162206688298722E-6,8.381389624082875E-5,0.005364089359413039,0.34330171900243456,21.971310016155805
1.7155806426034741E-6,3.392918872225066E-5,0.0021714680782240424,0.1389739570063387,8.894333248405678
-1.301494888071887E-6,8.42432602501658E-5,0.005391568656010613,0.3450603939846792,22.083865215019465
1.7839779833255512E-6,3.5281888924053916E-5,0.00225804089113945,0.1445146170329248,9.248935490107188
2.001922545058518E-6,3.2240076245442065E-5,0.0020633648797082917,0.1320553523013307,8.451542547285165
2.0731573139729507E-6,3.1679336492057795E-5,0.0020274775354916985,0.12975856227146873,8.304547985373995
2.1143835840358907E-6,3.1146872746571575E-5,0.001993399855780581,0.12757759076995717,8.16496580927726
2.170778151790753E-6,3.06403857766151E-5,0.0019609846897033663,0.12550302014101544,8.032193289024987
2.3079498647639864E-6,3.0157829858478355E-5,0.0019301011109426152,0.12352647110032737,7.905694150420948
2.3704250539916756E-6,2.9697377935849104E-5,0.0019006321878943424,0.12164046002523793,7.784989441615228
2.3735404280486806E-6,2.925739245786173E-5,0.00187247311730315,0.11983827950740161,7.669649888473706
2.3785650314163534E-6,2.883640083383387E-5,0.0018455296533653682,0.11811389781538356,7.559289460184545
2.3753897527855306E-6,2.84330746650669E-5,0.001819716778564282,0.11646187382811403,7.453559924999298
2.3807744066476243E-6,2.8046212085487666E-5,0.0017949575734712104,0.11487728470215741,7.352146220938081
2.4693202028663246E-6,2.76747226757054E-5,0.0017711822512451458,0.11335566407968933,7.254762501100117
2.480257469107685E-6,2.7317614518716156E-5,0.0017483273291978335,0.11189294906866136,7.161148740394327
2.4879413099609675E-6,2.6973983046972168E-5,0.0017263349150062194,0.11048543456039804,7.071067811865472
8.330112550316792E-7,5.3312720322027456E-5,0.003412014100609757,0.21836890243902446,13.975609756097565
9.179115295410149E-7,5.874633789062501E-5,0.003759765625,0.24062499999999998,15.399999999999993
9.110226311529561E-7,5.817536432454378E-5,0.003723223316770801,0.23828629227333126,15.250322705493202
9.180600250733804E-7,5.862475267255638E-5,0.0037519841710436093,0.24012698694679083,15.368127164594625
1.293710108598408E-6,5.686614933013381E-5,0.003639433557128563,0.23292374765622806,14.9071198499986
1.5158329907105094E-6,5.3947966093944356E-5,0.003452669830012437,0.2209708691207961,14.14213562373095
1.4343268277013687E-6,5.1437367436465594E-5,0.0032919915159337998,0.21068745701976316,13.483997249264837
1.3576083610793611E-6,4.924752993529533E-5,0.0031518419158589007,0.20171788261496965,12.90994448735806
1.311391042453125E-6,4.731549628799759E-5,0.003028191762431846,0.1938042727956382,12.403473458920843
1.2715883713651539E-6,4.559435307824682E-5,0.0029180385970077965,0.18675447020849903,11.952286093343936
1.4590409476457005E-6,4.404832986371045E-5,0.0028190931112774694,0.18042195912175804,11.547005383792513
1.4322185784580835E-6,4.264961199760036E-5,0.0027295751678464235,0.17469281074217105,11.180339887498947
1.432041713127561E-6,4.137620121358034E-5,0.002648076877669142,0.16947692017082508,10.846522890932809
1.4306881744318174E-6,4.021043981130447E-5,0.0025734681479234857,0.16470196146710317,10.540925533894596
1.4250418149022156E-6,3.913796814289679E-5,0.0025048299611453943,0.16030911751330534,10.25978352085154
1.430511474609375E-6,3.8146972656249986E-5,0.00244140625,0.15624999999999994,9.999999999999998
1.745333824306563E-6,3.451762000436137E-5,0.0022091276802791277,0.14138417153786417,9.04858697842331
1.7265823038801274E-6,3.414676954150461E-5,0.002185393250656294,0.13986516804200283,8.951370754688181
1.755819624357731E-6,3.4724998590948844E-5,0.002222399909820726,0.14223359422852644,9.102950030625694
-1.3697422090729523E-6,8.589152740408649E-5,0.005497057753861537,0.3518116962471383,22.51594855981685
1.8030123471985542E-6,3.565833320654186E-5,0.0022821333252186797,0.1460565328139955,9.347618100095714
-1.2632861020675238E-6,8.557594808830871E-5,0.00547686067765176,0.35051908336971266,22.433221335661607
2.1402129352318366E-6,3.28316866235302E-5,0.002101227943905933,0.1344785884099797,8.606629658238704
2.2360836495332686E-6,3.224007624544206E-5,0.002063364879708292,0.13205535230133073,8.451542547285161
2.3424058817514388E-6,3.167933649205781E-5,0.0020274775354916985,0.1297585622714687,8.304547985373997
2.4561168807481303E-6,3.114687274657159E-5,0.001993399855780581,0.12757759076995717,8.16496580927726
2.5303287509197232E-6,3.064038577661509E-5,0.0019609846897033654,0.12550302014101541,8.03219328902499
2.622736894984018E-6,3.0157829858478335E-5,0.0019301011109426139,0.12352647110032731,7.905694150420947
2.738890130785E-6,2.9697377935849104E-5,0.0019006321878943433,0.12164046002523794,7.784989441615227
9.319361518411068E-7,5.964391371783087E-5,0.003817210477941175,0.2443014705882352,15.635294117647053
9.414127894810271E-7,6.025041852678571E-5,0.003856026785714285,0.24678571428571425,15.79428571428571
9.523497687445742E-7,6.095038519965275E-5,0.003900824652777776,0.24965277777777764,15.97777777777777
9.578627509039798E-7,6.13032160578547E-5,0.003923405827702699,0.25109797297297287,16.070270270270264
9.66222662674753E-7,6.18382504111842E-5,0.003957648026315789,0.25328947368421056,16.210526315789473
9.790444985414168E-7,6.265884790665065E-5,0.0040101662660256415,0.25665064102564106,16.425641025641035
9.882450103759762E-7,6.324768066406252E-5,0.004047851562500001,0.25906250000000003,16.580000000000005
9.92635401283823E-7,6.352866568216467E-5,0.004065834603658538,0.26021341463414643,16.653658536585365
1.7068977554228606E-6,6.964652474786963E-5,0.004457377583863656,0.28527216536727396,18.257418583505533
2.0411492871559582E-6,6.448015249088414E-5,0.004126729759416585,0.26411070460266145,16.903085094570333
2.205636906423117E-6,6.0315659716956676E-5,0.003860202221885227,0.24705294220065463,15.81138830084189
2.668562528460968E-6,5.277639499818356E-5,0.0033776892798837474,0.21617211391255983,13.835015290403833
2.7162471640971724E-6,5.371945821624215E-5,0.003438045325839496,0.2200349008537277,14.082233654638578
2.716489491438068E-6,5.372425074530055E-5,0.0034383520476992356,0.22005453105275105,14.08348998737607
2.7144700969306046E-6,5.368431300314678E-5,0.0034357960322013927,0.2198909460608891,14.073020547896908
3.136210167115083E-6,4.731549628799762E-5,0.003028191762431849,0.19380427279563825,12.403473458920846
3.204481851938535E-6,4.5594353078246827E-5,0.002918038597007796,0.18675447020849903,11.952286093343936
3.302811292697782E-6,4.404832986371046E-5,0.0028190931112774703,0.1804219591217581,11.547005383792515
3.4550512105229048E-6,4.264961199760034E-5,0.002729575167846422,0.174692810742171,11.180339887498947
3.5462535248664167E-6,4.1376201213580355E-5,0.002648076877669143,0.16947692017082516,10.846522890932809
3.596323601271009E-6,4.0210439811304464E-5,0.0025734681479234853,0.1647019614671031,10.5409255338946
1.2215815092387956E-6,7.818121659128292E-5,0.005003597861842105,0.3202302631578947,20.49473684210526
1.2135505676269527E-6,7.7667236328125E-5,0.004970703125,0.318125,20.360000000000003
1.2108257838657921E-6,7.749285016741071E-5,0.0049595424107142854,0.3174107142857142,20.31428571428571
1.2164766138250182E-6,7.785450328480115E-5,0.004982688210227274,0.3188920454545456,20.40909090909091
1.2159347534179682E-6,7.781982421874998E-5,0.00498046875,0.31874999999999987,20.4
2.9648772893946126E-6,5.102883653863151E-5,0.003265845538472416,0.2090141144622346,13.376903325583012
1.246929168701172E-6,7.980346679687503E-5,0.005107421875000002,0.32687500000000014,20.920000000000012
-3.17351853307364E-7,1.0550687112677605E-4,0.0067524397521136655,0.4321561441352746,27.657993224657574
1.2680336281105319E-6,8.115415219907407E-5,0.0051938657407407385,0.3324074074074074,21.27407407407407
1.2819256101335791E-6,8.204323904854909E-5,0.005250767299107143,0.33604910714285713,21.507142857142856
1.2936263248838238E-6,8.279208479256468E-5,0.005298693426724139,0.3391163793103449,21.703448275862073
1.29540761311849E-6,8.290608723958339E-5,0.005305989583333337,0.33958333333333357,21.73333333333335
1.2993812561035159E-6,8.3160400390625E-5,0.005322265624999999,0.34062499999999996,21.799999999999997
1.2982636690139764E-6,8.308887481689453E-5,0.00531768798828125,0.34033203125,21.781250000000004
1.3031139601456055E-6,8.315847556937012E-5,0.005322142436439688,0.34061711593214006,21.799495419656957
1.3081330897296942E-6,8.346915896620909E-5,0.00534202617383738,0.3418896751255924,21.880939208037912
1.310812507250128E-6,8.363144847495779E-5,0.0053524127023972965,0.3425544129534269,21.92348242901933
1.3140156810462157E-6,8.382694200148103E-5,0.005364924288094787,0.3433551544380663,21.97472988403625
1.3171773954074058E-6,8.413863625646292E-5,0.005384872720413627,0.3446318541064721,22.05643866281422
1.38946002956809E-6,8.302416802711616E-5,0.005313546753735435,0.3400669922390678,21.76428750330034
1.4726663086589392E-6,8.195284355614848E-5,0.005244981987593504,0.33567884720598423,21.483446221182987
1.5629640971192303E-6,8.092194914091654E-5,0.005179004745018657,0.33145630368119405,21.213203435596423
1.6438131576829949E-6,7.99290041850561E-5,0.005115456267843589,0.3273892011419897,20.952908873087345
2.5314286748157644E-6,6.964652474786965E-5,0.004457377583863657,0.28527216536727407,18.257418583505537
3.12256087839574E-6,6.175516015325746E-5,0.003952330249808476,0.2529491359877425,16.188744703215523
3.172064892321526E-6,6.273420537519934E-5,0.004014989144012757,0.25695930521681654,16.44539553387625
3.5520638717548755E-6,5.686614933013382E-5,0.003639433557128563,0.23292374765622803,14.907119849998594
3.792730421130431E-6,5.3947966093944376E-5,0.0034526698300124396,0.22097086912079603,14.142135623730953
4.024419573395615E-6,5.1437367436465594E-5,0.0032919915159337993,0.21068745701976313,13.48399724926484
4.208697202835549E-6,4.924752993529531E-5,0.0031518419158589003,0.20171788261496956,12.909944487358054
4.254943499822415E-6,4.731549628799761E-5,0.0030281917624318468,0.19380427279563828,12.403473458920844
1.4322144644601007E-6,9.166172572544643E-5,0.0058663504464285705,0.3754464285714285,24.028571428571425
1.4154116312662756E-6,9.058634440104165E-5,0.005797526041666667,0.3710416666666667,23.74666666666667
1.4059245586395267E-6,8.997917175292972E-5,0.005758666992187501,0.3685546875000001,23.587500000000002
1.4045659233542048E-6,8.989221909466914E-5,0.005753102022058825,0.3681985294117648,23.564705882352946
1.3980600568983286E-6,8.947584364149308E-5,0.005726453993055556,0.36649305555555556,23.45555555555556
1.4160808764005957E-6,9.062917608963818E-5,0.0058002672697368435,0.37121710526315793,23.757894736842104
1.4340877532958988E-6,9.178161621093751E-5,0.0058740234375000006,0.37593750000000004,24.060000000000002
1.4447030566987535E-6,9.24609956287202E-5,0.005917503720238092,0.3787202380952379,24.238095238095234
1.4592300761829733E-6,9.339072487571026E-5,0.005977006392045455,0.3825284090909091,24.4818181818182
1.4719755753226891E-6,9.420643682065216E-5,0.006029211956521737,0.38586956521739113,24.69565217391304
3.000740537911698E-7,1.1401074039161998E-4,0.0072966873850636785,0.4669879926440753,29.88723152922082
1.4743804931640628E-6,9.436035156249999E-5,0.006039062499999999,0.38649999999999995,24.735999999999986
-2.6602926074718775E-6,1.5982994285611857E-4,0.01022911634279159,0.6546634459386615,41.89846054007434
1.4582497480640148E-6,9.305159190351627E-5,0.005955301881825041,0.38113932043680265,24.392916507955363
1.4502166271317998E-6,9.253172422119254E-5,0.005922030350156323,0.37900994241000463,24.256636314240303
1.4460558715634666E-6,9.225769834014078E-5,0.005904492693769008,0.37788753240121664,24.18480207367787
1.4397751978977142E-6,9.184956281670949E-5,0.005878372020269406,0.3762158092972423,24.077811795023496
1.4517078408939313E-6,9.19211573298453E-5,0.005882954069110099,0.3765090604230462,24.09657986707497
1.5631568548052663E-6,9.04734895754351E-5,0.005790303332827846,0.37057941330098193,23.71708245126285
1.6547408629915383E-6,8.909213380754731E-5,0.005701896563683029,0.36492138007571384,23.354968324845686
1.7544501765733786E-6,8.777217737358512E-5,0.00561741935190945,0.35951483852220467,23.008949665421106
1.8513175874480045E-6,8.650920250150158E-5,0.005536588960096101,0.35434169344615035,22.677868380553633
1.9438765320518026E-6,8.529922399520067E-5,0.005459150335692845,0.34938562148434193,22.360679774997887
2.0292112600215288E-6,8.413863625646295E-5,0.005384872720413628,0.34463185410647224,22.056438662814227
2.115695569857711E-6,8.302416802711629E-5,0.005313546753735442,0.3400669922390682,21.76428750330037
2.1863937217386135E-6,8.195284355614853E-5,0.005244981987593506,0.33567884720598434,21.483446221183005
2.2633186732300748E-6,8.092194914091646E-5,0.005179004745018655,0.33145630368119383,21.21320343559641
2.338716089454618E-6,7.992900418505615E-5,0.005115456267843593,0.3273892011419898,20.95290887308736
3.6296596877124476E-6,7.178409774725188E-5,0.00459418225582412,0.2940276643727437,18.817770519855603
4.127311854294632E-6,6.448015249088412E-5,0.004126729759416584,0.26411070460266145,16.903085094570333
3.889468121327902E-6,6.031565971695669E-5,0.0038602022218852277,0.24705294220065457,15.811388300841898
3.70438685284754E-6,5.686614933013381E-5,0.0036394335571285643,0.23292374765622806,14.907119849998592
3.54835137755133E-6,5.3947966093944336E-5,0.003452669830012438,0.22097086912079603,14.142135623730946
3.455466145994157E-6,5.14373674364656E-5,0.0032919915159337985,0.21068745701976319,13.483997249264842
3.4239027132929044E-6,4.9247529935295324E-5,0.003151841915858901,0.20171788261496962,12.90994448735806
3.3792137188916756E-6,4.731549628799759E-5,0.0030281917624318455,0.19380427279563817,12.403473458920839
3.174679529550837E-6,4.559435307824682E-5,0.002918038597007797,0.18675447020849906,11.952286093343936
2.9849198538956996E-6,4.404832986371044E-5,0.0028190931112774703,0.18042195912175796,11.547005383792516
2.825477150082841E-6,4.264961199760037E-5,0.002729575167846424,0.17469281074217113,11.180339887498949
2.697763875710856E-6,4.137620121358035E-5,0.002648076877669142,0.16947692017082513,10.846522890932803
2.639337915710572E-6,4.021043981130445E-5,0.002573468147923486,0.16470196146710306,10.54092553389459
2.5449817193661356E-6,3.9137968142896785E-5,0.002504829961145395,0.16030911751330526,10.259783520851533
2.548098564147949E-6,3.8146972656250014E-5,0.0024414062499999996,0.15624999999999997,10.000000000000005
2.549500518535521E-6,3.722763339800007E-5,0.0023825685374720047,0.15248438639820824,9.75900072948533
2.549325665191844E-6,3.637171132070894E-5,0.0023277895245253713,0.14897852956962374,9.53462589245592
-3.3281626996931098E-6,-1.1368586619598383E-4,-0.03184992124763627,1.283878395462395,214.8375232337902
-2.340430237722026E-6,-2.054635865708201E-4,-0.02897037773707832,2.487631202645871,133.49031122004283
-7.926342728454835E-6,2.3536560721790583E-4,-0.0013831353541933732,-0.5490839592774904,192.99806902041175
-2.0378509824066765E-6,-2.5331149364911875E-4,0.003053340484410801,-0.7763940785934635,218.68538361372947
-1.0716050281408539E-5,3.301953914165628E-4,0.012415945043545002,0.42019231539773216,96.38782137582413
-2.0609458134985688E-6,-5.395461491966565E-5,-0.021569840653347952,0.13128068448449837,209.5780060690583
-1.3374946553964975E-6,-4.6472561741218104E-4,0.017372581928716865,-0.28110497996981665,172.00618303046627
-7.623511351788203E-6,-1.6002045751961787E-4,0.024293127199989915,2.292176661865346,4.554834981975446
-9.261257731487073E-6,3.4827325442633814E-4,0.008198646375439003,-0.036959489189828054,113.77322004793237
-1.1115681237747609E-5,2.011242839192479E-4,0.0038352346622331224,2.0108885331913777,70.26976443744753
-7.703606657210338E-6,-1.6795111339086745E-4,-0.008706652737357549,2.816137110784661,109.61121496688048
-9.657488519258623E-6,-6.0739322932999585E-5,1.2471140582866755E-4,0.9104358056161422,200.07860140745385
-1.6336132935185128E-5,5.921954026259338E-4,-0.011009211649046117,0.03485717539283173,242.60632183078468
-7.4619025438174555E-6,-6.342279101101326E-4,-0.01671391572940284,5.492290903592133,89.31166392331386
-1.6132764796483624E-5,2.4790755713213276E-4,-0.028916790252233104,4.3215310651556615,128.44967662323137
-1.392758245303338E-5,-6.646092406435714E-4,0.05310329863165388,3.2134329538324153,65.62765462018126
-2.0407576401163476E-5,3.3519080538922517E-4,0.02483384691742887,1.667675031852646,126.9725107276021
2.8410949548535045E-4,0.0025377917230594276,-2.0663131634499425,-88.994560758803,8808.346450105004
1.2555217121981298E-4,0.0017538541295108881,-0.8938586051307659,-57.26001479447257,4840.616651620661
1.1848259173290562E-6,7.701368462638872E-5,0.005005889500715267,-0.09127485992955922,21.149883140522
8.925633145017408E-7,5.801661544261311E-5,0.003794847282701443,0.24355118847182217,15.984602662348312
9.071322926731394E-7,5.896359902375412E-5,0.003832633936544016,0.24748482159300936,16.08485145075886
9.918338396184414E-7,5.428172908511094E-5,0.003528312390532212,0.2293403053845938,14.907119849998598
8.301209211810253E-7,5.3957859876766706E-5,0.003509417970502121,0.22797195797933922,14.818177268657049
8.026100890695262E-7,5.216965578951918E-5,0.0033911122477681627,0.22042238204859013,14.327276113989733
7.824378480428846E-7,5.085846012278753E-5,0.0033057999079811897,0.214859753324111,13.966435533603608
1.0730905463280628E-6,4.516512866243367E-5,0.0029357333630581884,0.1908226685987823,12.403473458920848
3.1184553155068066E-6,-1.2289046405776191E-5,-0.0010171358558190768,-0.08052819971651004,24.740234925226343
1.2928760271137069E-6,4.20464465499955E-5,0.0027330190257497063,0.177646236673731,11.547005383792511
1.7153512571498867E-7,1.1149783171474197E-5,7.247359061458231E-4,0.900030202863624,3.0620092034661095
1.8023499005725994E-6,3.6202188690650415E-5,0.0023531422648922777,0.15295424721799805,9.942026069169872
1.8344440752352872E-6,3.684683564107903E-5,0.0023950443166701365,0.15567788058355886,10.119062237931331
2.6248102727593996E-7,1.7061266772936127E-5,0.013166063787588469,0.07208385211565514,4.685450387517571
6.374197339938516E-9,4.143228270960149E-7,0.011735350042271215,0.001750513944480614,25.626795852230398
2.900047202503387E-7,1.8850306816272063E-5,0.012613713127177554,0.07964254629874949,5.176765509418714
-3.545153291724135E-8,-2.3043496396207196E-6,0.008719129660200668,0.5757509170558626,-0.632832019780837
2.0748915244956345E-6,-1.6425317511406198E-6,-2.4540802093067247E-4,-0.02510415583354264,37.03811051944991
-8.47041121623597E-8,1.33217243814631E-4,-3.5787487388597205E-4,0.5813017196499225,-1.5120213421682216
1.7256579227918982E-6,3.466174560033037E-5,0.002253013464021473,0.1464458751613957,9.51898188549072
2.793117101170276E-7,1.7498933315746542E-4,0.0011800919752444398,0.07670597839088851,4.98588859540777
1.671134941577519E-6,3.35665912946805E-5,0.002181828434154232,0.14181884822002505,9.218225134301633
-4.230024111505555E-7,9.568105793593103E-5,0.006344369608850309,0.4206426349149185,-7.550857415544376
-1.1329580625469911E-6,7.334768417112855E-5,0.004916886147457486,0.3294528528271069,22.065036136090317
-1.1142372419576836E-6,7.221391990278446E-5,0.004840804124008368,0.3243499191641873,21.722941244311123
-4.004580274110015E-7,9.127390249589608E-5,0.006051940206421441,0.40124098684231774,-7.148426075553521
-8.717460636126352E-7,8.545285575749905E-5,0.005698772542096825,0.379948707079355,4.882241613854913
-1.0705312857254867E-6,6.871323392328214E-5,0.004606818875125893,0.3087156937773321,20.678647792835655
-8.616451177239045E-7,8.191726301719336E-5,0.005464701357344146,0.3644530082067803,4.459507931724367
-8.885241207915232E-7,3.8874422397994126E-5,0.002624975766279207,0.38765859839560846,25.839348267267976
-9.401212803970958E-7,2.8918352331539225E-5,0.004942694900395839,0.33032916813752317,22.069101372061304
-1.0341818774442313E-6,6.343498815214433E-5,0.00425597255273456,0.2853983786468225,19.129202229044967
-9.49244969113655E-7,4.361898060884952E-5,0.0052597856870620335,0.35130126449187404,13.355945128322857
-1.0114171597153418E-6,6.152897842388085E-5,0.004128643302198342,0.2768949748324191,18.56149526724397
-9.486510929928505E-7,5.267273138680786E-5,0.0035398490777680917,0.23775602593723982,24.183762020262588
-9.866470884323294E-7,6.000846235239388E-5,0.004026630271679544,0.2700542321016688,18.102990590820284
-2.2822888742781293E-7,-1.4834877682807844E-5,-9.642670493825099E-4,0.6327607148907344,-4.074028283641096
4.0978303372140716E-7,2.663589719189157E-5,-0.004219600247054644,0.5053912642315086,-5.652387663888617
-4.496074033452791E-7,-2.9224481217443138E-5,-0.0018995912791338041,0.3660015113272512,24.28722122674963
1.3320417507945954E-6,0.0,0.0,0.0,0.0
7.154370299457196E-7,4.6503406946471806E-5,-0.005345323675905151,0.19647689434884336,12.770998132674812
-3.9002396251998836E-7,-2.535155756379926E-5,0.004607545914534531,0.3058436221814915,6.668535152120501
-8.63848489372322E-8,-5.615015180920093E-6,-3.649759867598059E-4,0.41375989298750365,12.898344254659465
4.2661725375916056E-7,2.773012149434544E-5,0.001802457897132453,0.1171597633136095,7.615384615384615
-4.4507224508260085E-7,5.2948927192133274E-5,0.003524838244097457,0.23460421166589937,3.833431846571366
4.802819695855657E-7,3.1218328023061755E-5,0.0020291913214990137,0.13189743589743588,8.573333333333334
6.945922898630428E-7,4.514849884109781E-5,0.0029346524246713582,-0.1149327073376297,12.398906494236483
4.587086051114534E-7,2.98160593322445E-5,0.0019380438565958931,0.12597285067873307,8.188235294117648
4.5127582678788834E-7,2.9332928741212767E-5,0.0019066403681788295,0.12393162393162392,8.055555555555554
2.477394328489347E-7,1.610306313518074E-5,0.005218373313909378,0.0680354417461386,4.422303713499006
1.5631912954174078E-7,1.0160743420213177E-5,0.004634199809869871,0.04292914095040069,11.44932331797167
2.5678407082860325E-7,1.6690964603859256E-5,0.004902389214267378,0.0705193254513053,4.583756154334846
1.7851626221730422E-7,1.1603557044124754E-5,0.0036550278313066467,0.24052293060561172,3.1866268532427617
4.6720674743924425E-7,3.072734435869427E-5,0.0019976418969930073,0.12987078690281179,8.339932446007662
4.875978722094971E-7,3.128524447193618E-5,0.0020601010100851263,0.13212578616511034,8.703926767609666
5.001469216814211E-7,3.2437018530869894E-5,0.0021084062045065434,0.13704640329292536,8.908016214040147
5.143425335758477E-7,3.293177247366867E-5,0.002173097204357956,0.14125131828326712,9.181335688412366
7.022972209661084E-7,3.1339570899367154E-5,0.0020370721084588647,0.13240968704982622,8.606629658238704
5.219217046098847E-7,3.344144471963108E-5,0.002173202886538508,0.1412257726171361,9.316628628351827
5.118030234595722E-7,3.2846461774587125E-5,0.002134592706617404,0.13872031687720232,9.01495835875839
5.029175947628989E-7,3.231588238461643E-5,0.0021001527537051743,0.13648486937410312,8.8698621830558
4.943170121028592E-7,3.179525285694334E-5,0.0020663508428820474,0.13429032033949845,8.823867614168593
4.882536220662141E-7,3.143371996615952E-5,0.002042884301621784,0.1327671800530016,8.672079464100484
4.821577247594044E-7,3.106741372089899E-5,0.0020191047903701524,0.13122351834612253,8.528321066825535
2.025869316053692E-6,-6.511476124098978E-6,-5.63598195072579E-4,-0.04589932398598259,16.283956751029088
2.11879032550189E-6,3.742158814689017E-5,0.002330536262427585,-0.07379632823573791,-5.462675286721173
2.1225570653249814E-6,4.793460979670118E-5,5.2565139893113446E-5,-0.005637804969007468,-0.9641983782542667
2.2377009495767555E-6,1.4205870330557896E-5,7.900861817913323E-4,0.04255602335610732,2.1852318463517824
2.196992087054611E-6,3.463854477784294E-5,-2.3856468679814692E-4,-0.025176324275461653,8.098315172348657
2.2412927507767434E-6,1.7773585941261593E-5,0.0010253740426531019,0.05807328607073897,3.20861183186778
2.1572197005181493E-6,2.5743372778403023E-5,0.001557054636782244,0.09353327156484662,-2.660712157950697
2.1812841847025397E-6,1.741241365355796E-5,0.0010054925313424082,0.057018293370277195,3.155703179529138
-1.9581185879493899E-7,-1.2727770821671012E-5,-8.273051034086157E-4,0.6484326602195737,-3.495364061901411
4.352623406648191E-7,2.8292052143213297E-5,-0.003497983712501328,0.47185713913551414,-3.8597139267216365
-3.789732101225733E-7,-2.4633258657967254E-5,-0.001601161812767871,0.3620867684983127,24.009086024442443
1.5187765756723426E-6,0.0,0.0,0.0,0.0
6.974177527034539E-7,4.53321539257245E-5,-0.005372158837256417,0.1915283503361859,12.449342771852088
1.1004804677762213E-6,7.153123040545435E-5,-0.0021797530168552203,-0.14861993663556797,4.7630422591476
7.99676697983002E-7,5.197898536889513E-5,0.003378634048978184,-0.2680061484561424,-1.8204535878158927
1.2410683745721035E-6,0.0,0.0,0.0,0.0
1.4121967547479327E-6,-1.5248374051061091E-5,-0.001099857994602237,-0.07866757126511087,9.81071075940557
1.1278783422615922E-6,0.0,0.0,0.0,0.0
-9.468635056206202E-8,-6.154612786534068E-6,-4.000498311247144E-4,0.4030514176308872,-1.6902105365019215
1.4301690705342742E-6,0.0,0.0,0.0,0.0
3.46081875440091E-7,2.249532190360593E-5,0.001462195923734385,0.09504273504273503,6.177777777777778
1.7055830543285772E-7,1.1086289853135771E-5,0.005563531626661808,0.04683957462949869,3.044572350917411
1.6802832549404733E-7,1.0921841157113094E-5,0.004637593573069534,0.04614477888880283,11.557935270464675
3.187987550029051E-7,2.0721919075188842E-5,0.004879982077362709,0.08755010809267282,5.690757026023732
5.238828433123308E-7,3.405238481530152E-5,0.0022578134257436886,0.14680297496753808,9.35163617990218
5.652176322658062E-7,3.765924341035139E-5,0.0024487852955064316,0.15923273408208863,10.089487996964804
1.4506905296484107E-6,-3.927825224755696E-5,0.006129167487764534,-0.18372422385533543,25.89573263580516
1.4631013747248371E-6,2.938800730341599E-5,0.001910220474722039,0.12416433085693249,8.07068150570061
1.1825038080633102E-6,-8.280899576853116E-5,0.0049960785890674885,0.32474510828938685,21.108432038810143
1.5987593027973706E-6,3.211284664116296E-5,0.002087335031675592,0.13567677705891343,8.818990508829378
1.9068150660310462E-6,2.8971530489513975E-7,-1.0675385141873609E-4,-0.015229595464889778,34.037840688070446
2.6220198781933445E-6,2.2883263823187693E-5,0.0013375586823062655,0.07704864412023635,4.355091059684751
2.6036444254968742E-6,2.4181742236302793E-5,0.0014244916132914844,0.08286642524694435,4.7442807249289825
1.8913182047728049E-6,5.439966653967873E-6,2.3426624527889605E-4,0.007349556629962561,33.76121202907256
2.365117331372212E-6,1.1545607847866484E-5,6.060558192529427E-4,0.029860398268993532,21.765203157625322
2.550900752216863E-6,2.7478152276532065E-5,0.001645588088909869,0.09768857119635388,5.737485008821162
2.3337530803233396E-6,1.3761716071246273E-5,7.544241193226443E-4,0.03978960881959982,21.81738293178092
2.3254981049269983E-6,5.4530818644958146E-5,0.0034463668637754914,0.00698301214813031,-0.18763075442831134
2.3415153830284344E-6,6.217518814228652E-5,9.784847082242774E-4,0.05454780047161551,2.9479209993500497
2.5392193378097977E-6,2.3909036073383363E-5,0.0014107418079343462,0.08223517231057191,4.720577356565242
2.2928230380182246E-6,4.373556721057E-5,4.187657658124889E-4,0.017806544277218936,10.634084873196164
2.3700697007465187E-6,2.3721253272327927E-5,0.001409511727967678,0.08287979154837394,4.810310841249862
2.2471613300569295E-6,3.173369661494168E-5,0.0019465720559162178,0.11886156649967408,-1.0033694089506282
2.3284674067960885E-6,2.5252854346452323E-5,0.001513367731563245,0.0899144266291145,5.286310218821398
3.5627945158584746E-7,2.3158164353080052E-5,0.0015052806829502002,1.6265757403816652,6.359810885464606
1.6302298906289204E-6,1.0596494289087977E-4,-0.005046594845935597,1.2355532222371828,3.095373181559559
-1.8446718175979147E-7,-1.199036681438638E-5,-7.793738429351148E-4,0.9346374724988146,61.75212774677961
2.6778986348654743E-6,5.3788552180148706E-5,0.003496255891709667,0.22725663296112836,14.771681142473346
1.9193588465481915E-6,1.2475832502563253E-4,-0.0086265136190905,0.5271039232332976,34.26175501016435
2.775438175617729E-6,1.8040348141515244E-4,-0.0024339548822482474,-0.17258850135121656,18.687827070782756
2.1937306076427252E-6,1.4259248949677713E-4,0.009268511817290511,-0.3885967614193775,6.447068874768958
2.852817069585974E-6,4.516512866243367E-5,0.002935733363058189,0.19082266859878225,12.403473458920848
3.5077849110931615E-6,1.3054934696136222E-5,6.30261060028235E-4,0.026555117928286354,31.695414172247645
3.234918205842277E-6,4.2046446549995505E-5,0.0027330190257497076,0.177646236673731,11.547005383792513
5.286741002776518E-7,3.4363816518047365E-5,0.0022336480736730793,1.004828423921923,9.437163111268752
3.3494837869544644E-6,3.9495759275130847E-5,0.0025672243528835053,0.16686958293742787,10.846522890932814
3.3862908988079008E-6,3.838297873061297E-5,0.002494893617489844,0.1621680851368399,10.540925533894594
1.6449192167491663E-6,1.0691974908869586E-4,-0.0036695801071904674,0.4517359398997399,29.362836093483068
1.8678489131676177E-6,1.2141017935589535E-4,-0.002283390389901692,0.5129580077786576,11.170512880496435
1.6001724477478844E-6,1.0401120910361251E-4,-0.003069964240142955,0.4394473584627627,28.564078300079565
1.85507441644989E-6,1.205798370692428E-4,8.990187713644017E-5,-0.0020252246986889877,33.1142377551408
2.1798813666172126E-6,2.7028333631008992E-5,0.0016403861065164903,0.09893720905820166,38.91224481997139
3.8692060942588145E-7,1.3704186853957914E-4,0.001634739574824349,0.5938905549961971,6.906774703632875
1.0675256468611047E-6,6.938916704597182E-5,0.004510295857988167,0.2931692307692309,19.056000000000008
6.437835604503068E-7,1.74761157165172E-4,0.0027199855429025457,0.17679906028866554,11.49193891876327
1.0390755588752861E-6,6.753991132689365E-5,0.004390094236248086,0.28535612535612564,18.548148148148158
5.595405010066377E-8,1.0628667138468367E-4,0.00701288719904083,0.46272003179591603,0.9988147655781558
-5.402572243835132E-7,8.727684414119302E-5,0.00579730083233689,0.385030689951089,25.56872803374003
-4.4283771060068725E-7,8.77321013757443E-5,0.005820923713121994,0.3861721405345959,25.61690974478843
1.827755967328902E-7,1.0352157486161193E-4,0.0068219754202205295,0.4495726781590463,3.2626586364300367
-1.1264354574120606E-7,9.967573321471756E-5,0.006587592059577161,0.43536736227285444,13.38085446015565
-1.799232395578641E-7,8.854851218586233E-5,0.005857463119881255,0.3874561422056544,25.628342860890974
7.1900590138766785E-9,9.851547590936547E-5,0.006503086058089613,0.4292744378979992,14.232580969466206
3.0992867937093843E-8,6.904952737855961E-5,0.004556301692302817,0.4467254613594076,29.482216127816837
5.998681151700167E-9,6.234204346043419E-5,0.006160057220265512,0.40663428699703896,26.84254347429307
-3.10497093453921E-7,8.951960340328337E-5,0.005930190228104923,0.3928175621567669,26.01869948892462
1.4674038463591133E-8,7.236888776650428E-5,0.0063480122500173585,0.41900502966422315,20.80807475477668
-2.218608160937169E-7,8.714460549382175E-5,0.005767551877490515,0.38170055014089305,25.260080915243062
1.1218934756766514E-8,7.770646746569983E-5,0.00512910039130054,0.3385526273951125,27.883226441062575
-2.0123810545757146E-8,8.214558871755994E-5,0.0054242208661132284,0.35816968219999246,23.6504082795405
2.4515939391992053E-7,1.5935360604794732E-5,0.001035798439311657,1.4717180468046096,4.376248406091749
1.4301630396508059E-6,9.296059757730242E-5,-0.00589213814996892,1.1806270840341866,-0.4765135693653981
-4.0158651335935636E-7,-2.6103123368358163E-5,-0.0016967030189432783,0.8750383922136856,57.87821527121648
1.4648953959754004E-6,5.4281729085110973E-5,0.0035283123905322125,0.22934030538459382,14.907119849998596
1.6986593627958172E-6,1.104128585817283E-4,-0.009559414237166499,0.46649432750780184,30.322131288007114
2.5455051430502843E-6,1.6545783429826842E-4,-0.0034160924859871927,-0.23643828286259466,14.560127287404221
1.902692522665423E-6,1.2367501397325258E-4,0.008038875908261413,-0.4679171039015383,1.2718596163865534
1.2196055627706037E-6,4.5165128662433686E-5,0.0029357333630581892,0.19082266859878227,12.403473458920848
3.1390560638288053E-6,-1.1004008938811698E-5,-9.336632755649419E-4,-0.07510610329360728,25.10020164449772
1.2181820971626087E-6,4.20464465499955E-5,0.0027330190257497076,0.1776462366737311,11.547005383792506
1.2574211617561398E-7,8.173237551414952E-6,5.312604408419718E-4,0.8945645930733948,2.2445753625573293
1.2602506286163762E-6,3.9495759275130847E-5,0.002567224352883506,0.16686958293742785,10.846522890932805
1.2637383893641705E-6,3.838297873061302E-5,0.0024948936174898468,0.16216808513683997,10.540925533894594
1.3071495922895587E-6,8.496472349882138E-5,-0.006619012475934593,0.35897595678252037,23.333437190863794
1.576764041372693E-6,1.0248966268922512E-4,-0.005124672286415882,0.43301882486197607,2.4630695620217615
1.2893697302882965E-6,8.38090324687393E-5,-0.006101421983714997,0.3540931621804235,23.016055541727532
1.6198037489909836E-6,1.0528724368441384E-4,-0.0022973731868253535,-0.15861312998287136,28.914509296832158
2.0158751058555493E-6,-5.41883846613596E-6,-4.908072631510012E-4,-0.041051099808727676,35.98463056146273
-1.038594333991037E-7,1.2682128613146758E-4,-4.3880610611121435E-4,0.5535934106323903,-1.8539557983198787
1.666532593265345E-6,3.3474148044918343E-5,0.002175819622919692,0.14142827548977996,9.192837906835694
2.6108841728111117E-7,1.766462646843209E-4,0.0011030985630126923,0.07170140659582518,4.660591428728636
1.9326722337717085E-6,3.133957089936716E-5,0.002037072108458865,0.13240968704982614,8.606629658238704
-3.7632969253435114E-7,9.919964992339E-5,0.006573570529332502,0.43557320356628265,-6.717720217796012
-1.081561934079955E-6,7.727011799468859E-5,0.00517243512029761,0.34610253639693933,23.149840199634433
-1.0508020678754616E-6,7.678618110669905E-5,0.0051384570923840205,0.3437274645814499,22.9844689299921
-3.309440368737856E-7,9.601070646862574E-5,0.006360054271652114,0.42128304381026027,-5.907557898220118
-8.009316644792268E-7,9.014332777495293E-5,0.0060037421270562625,0.39977759914328637,6.1589149719217176
-9.876687261147051E-7,7.415159221630906E-5,0.004960365273152197,0.33169971567151996,22.172840668223024
-7.651268973561745E-7,8.8224094266138E-5,0.005874679053371297,0.39110378085437764,6.187186678252161
-7.801131033632098E-7,4.592801241644652E-5,0.003083466098768691,0.4174759092940489,27.77751911301686
-8.213063286270769E-7,3.6645522670146E-5,0.005445103818907893,0.3629861700841414,24.191834373249165
-9.124936868833759E-7,7.134811185004928E-5,0.004770329037399069,0.31883177752767833,21.302388166779124
-8.222184435882827E-7,5.185914505447633E-5,0.005795015157622723,0.3860896997035381,15.6186837670433
-8.855357874977152E-7,6.970723332981222E-5,0.004660225773759914,0.31144756499651866,20.807395771515516
-8.212164475558371E-7,6.095686901867251E-5,0.004078318923356479,0.2727566252826742,26.458868600343514
-8.604633752996774E-7,6.819405152149686E-5,0.004558676959983835,0.30463617047458386,20.35074420771602
4.9721542775888195E-8,3.23190028043276E-6,2.1007351822812946E-4,0.6530731929529939,0.8875606145138552
6.515828887930656E-7,4.235288777154928E-5,-0.002526629679416159,0.5274748914565923,0.12681884233131666
-1.3183344691473832E-7,-8.569174049458042E-6,-5.569963132147736E-4,0.4037545736262958,26.69088098428801
4.96714634174807E-7,3.228645122136245E-5,0.002098619329388559,0.1364102564102564,8.866666666666667
8.537236590850416E-7,5.549203784052773E-5,-0.0038717168207857296,0.23445385987622958,15.239500891954929
1.1475956498417128E-6,7.45937172397113E-5,-6.058574257716554E-4,-0.044920407487859734,8.599884007593774
8.975496350915971E-7,5.834072628095386E-5,0.0037921472082619984,-0.13214463243072186,3.523935243276072
4.84361407298279E-7,3.1483491474388154E-5,0.0020464269458352288,0.13301775147929,8.646153846153847
1.3376669196848652E-6,8.832762956958483E-6,4.947934493356399E-4,0.02692414915038473,12.641254182241825
4.728125765904558E-7,3.0732817478379616E-5,0.0019976331360946746,0.12984615384615383,8.439999999999998
2.5848527064318735E-7,1.680154259180716E-5,0.0010921002684674659,0.3689385455830741,4.614123634275046
4.725489509553342E-7,3.0715681812096703E-5,0.001996519317786286,0.12977375565610863,8.43529411764706
4.6621461277810844E-7,3.030394983057705E-5,0.0019697567389875075,0.12803418803418803,8.322222222222221
6.556577120934109E-7,4.261775128607177E-5,-0.001152244110460873,0.1800599991836532,11.703899946937458
7.341508458459099E-7,4.7719804979984175E-5,-4.936443466641756E-4,0.2016161760404332,5.270493036771689
6.373711629037283E-7,4.142912558874236E-5,-6.842241041859995E-4,0.17503805561243646,11.377473614808368
4.902488784451287E-7,3.186617709893338E-5,0.0020625619493593755,0.13405765059063082,8.751248885794583
4.954908676524544E-7,3.209496582056446E-5,0.0020860590886883326,0.1355863354715491,8.844821669388597
4.989376393969674E-7,3.2523418190585046E-5,0.002108011526452189,0.13742374638403568,8.906348699260498
5.144308594238781E-7,3.256903745106658E-5,0.0021169874343193273,0.13760418323075635,8.944271909999161
5.009184903008235E-7,3.2640643521400365E-5,0.0021163806215209785,0.13756474039886366,8.94170812592614
5.653583493890945E-7,3.1339570899367154E-5,0.002037072108458865,0.13240968704982628,8.6066296582387
4.998674535314777E-7,3.2567672676966024E-5,0.002116976204203295,0.13760856817707565,8.922946462695341
4.981943482607788E-7,3.245939610653406E-5,0.0021099387098235086,0.13715116290801893,8.915165356225893
4.941740382008482E-7,3.2204390760625895E-5,0.0020933697758163403,0.1360746055872363,8.845217080709604
-6.035620812155608E-7,7.830180458737385E-5,0.005208987096481097,0.3464644331122885,-10.773960375998488
-1.0660342746798577E-6,7.291674282992026E-5,0.004884019269795867,0.32699595433705453,1.4273991279941889
-1.2508587681163435E-6,5.7049295204455745E-5,0.003848721102095578,0.25944318352418394,17.47618845605131
-1.0205694148710303E-6,7.16253530338406E-5,0.004795765974153229,0.32097476744306785,1.628100562758072
-1.0323936498069524E-6,2.9531579328839653E-5,0.002017699778668466,0.34820514688956655,23.274931523492242
-1.0724919532637021E-6,2.0320028768874844E-5,0.004384000189965708,0.2940145922698463,19.70869225020825
-1.1523429551668725E-6,5.5759591307644056E-5,0.0037570769103183787,0.2529705020337164,17.021412704008245
-1.0465964286191576E-6,3.727466792062432E-5,0.00484702625937935,0.324470429532614,11.613422935683865
-1.0986897683387388E-6,5.585135119497598E-5,0.003759592547968822,0.2529063467624735,17.00221272058441
-1.0113263808220145E-6,4.859379379856044E-5,0.0032747130118420454,0.22052184347446696,23.063155053858296
-1.0362466891233566E-6,5.675203408230859E-5,0.003814929472801563,0.2562915042122984,17.208269630499906
8.864794224375569E-7,5.762116245844127E-5,0.0037453755597986814,-0.3045668763168877,15.82421174014943
3.373524671607478E-7,2.1927910365448612E-5,0.0072552799584837905,-0.2922234137135221,18.725630727133716
1.1083937381901858E-6,7.204559298236203E-5,0.004682963543853532,-0.11389797326192046,-7.828194656318682
4.805309493520691E-7,3.123451170788448E-5,0.002030243261012491,0.131965811965812,8.577777777777778
1.2225516664557564E-7,7.946585831962375E-6,0.007472349222151321,0.03357432514004101,2.1823311341026654
-2.2676596884317558E-7,-1.4739787974806355E-5,0.004776388858803241,0.31628935207245706,8.447686822918094
1.9329541211377027E-8,1.2564201787395443E-6,8.166731161806862E-5,0.4009378363460268,13.40390746274924
4.404069023655175E-7,2.8626448653758625E-5,0.00186071916249431,0.12094674556213016,7.861538461538459
1.4432106950351573E-6,3.100958604909378E-6,1.0943726436279046E-4,0.0010317297626369027,12.71389431070347
4.5339215480316997E-7,2.947049006220604E-5,0.0019155818540433926,0.12451282051282052,8.09333333333333
6.88976161551074E-7,4.478345050081981E-5,0.002910924282553289,-0.12414800577154723,12.298655093787644
4.712308227797267E-7,3.06300034806822E-5,0.001990950226244344,0.12941176470588234,8.411764705882353
4.774187022707731E-7,3.103221564760028E-5,0.0020170940170940173,0.13111111111111112,8.522222222222222
2.9020778722549046E-7,1.8863506169656867E-5,0.005235631653441381,0.07969831356680018,5.180390381842013
2.8741596249005057E-7,1.868203756185323E-5,0.004079282050121286,0.07893160869882992,11.373369641965715
4.939122393463398E-7,3.2104295557512095E-5,0.0020896258994818773,0.13564064873048856,8.816642167481755
4.957551383536044E-7,3.222408399298427E-5,0.0020975048552617495,0.1363408009157896,8.849539066573309
4.993325030964562E-7,3.250645565587485E-5,0.002112970239382637,0.13734640738638704,8.913397263086177
5.016985695451336E-7,3.255992272851572E-5,0.0021196764563281905,0.13755895594956039,8.955633027986607
5.019427813642973E-7,3.255348897442779E-5,0.002115976783337807,0.13753849091695738,8.940001909602236
5.099745151457217E-7,3.308709943489297E-5,0.002154642326490673,0.14005175122189384,9.103363829423097
6.317529537900708E-7,3.1339570899367154E-5,0.0020370721084588656,0.1324096870498262,8.606629658238704
5.151998217232636E-7,3.3422713944492534E-5,0.002172410112010939,0.1412022808157104,9.196638817648827
2.3775751868877323E-6,6.954682793522627E-6,3.021606193442546E-4,0.00974510985985036,-0.019814279883897612
2.348825955236296E-6,7.568159767028647E-6,3.445575836691062E-4,0.012667335360081189,0.18111688404926518
1.6241968461024637E-6,-1.1958236183175546E-5,-8.966528054484323E-4,-0.0661625494043831,28.99292882595778
2.0925863480098596E-6,-6.188798767347844E-6,-5.467008142560335E-4,-0.045070116657093026,16.8974932059822
2.272431924993636E-6,9.355824795136203E-6,4.6761460744300484E-4,0.021118829672583134,0.7603550818058489
2.0433976612140313E-6,-5.137947686533267E-6,-4.74081001472382E-4,-0.04006500490518311,16.63053635138086
2.0570593157844826E-6,3.707348334550094E-5,0.0023116311175867496,-0.06679460830162462,-4.98323460192483
2.0935845262060367E-6,4.6053044568357334E-5,-6.968046759253427E-5,-0.013583603532621669,-1.48066433138177
2.176112843429531E-6,1.07887564711091E-5,5.685690519835311E-4,0.028196707109431063,1.254470518931269
2.0817702284795487E-6,3.0013336720199295E-5,-4.732666462021148E-4,-0.04017590201875211,6.8655676667274825
2.1366290341517655E-6,1.1616215163614861E-5,6.258008030778368E-4,0.03214432257031155,1.5260874876064205
2.0648383244991606E-6,1.9880944380050156E-5,0.0011761413763234823,0.06878345453283027,-4.258580826234758
2.0977795940026706E-6,1.223566916280325E-5,6.692591160653522E-4,0.03517995381833,1.7373223127695416
5.669943387510484E-8,3.6854632018818154E-6,2.3955510812231602E-4,0.6300233641958898,1.0121203318167853
6.248678482958328E-7,4.061641013922917E-5,-0.0024575802408198944,0.5081286789624597,0.0463491159325507
-1.46619665916748E-7,-9.530278284588712E-6,-6.194680884982657E-4,0.3945015218504337,26.0841591014373
5.116534201650267E-7,3.325747231072675E-5,0.002161735700197238,0.1405128205128205,9.133333333333331
8.177002316812651E-7,5.315051505928224E-5,-0.003191914980502137,0.22456092612546735,14.59646019815538
1.149218684110949E-6,7.469921446721176E-5,-7.145461126317957E-4,-0.05210252354677037,8.377077810293368
9.289248278827236E-7,6.038011381237705E-5,0.0039247073978045085,-0.14869968968847996,3.2531468959123964
4.834995542603818E-7,3.142747102692483E-5,0.0020427856167501137,0.1327810650887574,8.63076923076923
1.4651494351000242E-6,5.07955967430425E-6,2.3860755094746484E-4,0.009464847486542173,13.185003657276399
4.847636053826313E-7,3.150963434987104E-5,0.002048126232741617,0.1331282051282051,8.653333333333332
3.3097668888789373E-7,2.151348477771311E-5,0.0013983765105513523,0.3018067226412638,5.908140757079463
4.817758481845872E-7,3.1315430131998176E-5,0.002035502958579882,0.13230769230769235,8.600000000000005
4.88622791763438E-7,3.176048146462348E-5,0.0020644312952005257,0.13418803418803418,8.72222222222222
5.858750259720103E-7,3.808187668818065E-5,4.506273522595743E-4,0.16089592900756325,10.45823538549161
6.30491185587315E-7,4.098192706317552E-5,7.004825038759411E-4,0.1731486418419166,6.976476261950418
4.973029226621739E-7,3.232468997304132E-5,0.0020999480344535554,0.1365718151360996,8.87716798384647
5.012069115242895E-7,3.257844924907882E-5,0.002116775999568895,0.13758960390783165,8.946856625028271
5.037880562748217E-7,3.2736500337703485E-5,0.002127862646703689,0.13831042011513459,8.992931672040742
5.092865112025692E-7,3.3108858383178585E-5,0.002151735509830855,0.1398856232730214,9.091082529035365
5.614880352930703E-7,3.256903745106658E-5,0.0021169874343193278,0.1376041832307563,8.944271909999157
5.162447281608433E-7,3.355761083083361E-5,0.0021811339764795643,0.14177370847117168,9.215291050626163
6.981475581910481E-7,3.133957089936716E-5,0.0020370721084588647,0.13240968704982617,8.606629658238706
1.780725117334384E-6,-1.784561103619309E-5,-0.0012956448476352132,-0.09317392369698013,31.78705629761707
2.38916415850674E-6,7.984063255247459E-6,3.693507606832708E-4,0.01413098057588913,0.2664893668154189
2.3588762907520265E-6,8.550144581751419E-6,4.087204457730038E-4,0.016859960656924328,0.45509246387344415
1.639097347003885E-6,-1.0805726663209432E-5,-8.215528350492382E-4,-0.061268716203186996,29.258912079861236
2.1033853747847474E-6,-5.386263869541843E-6,-4.944338758949953E-4,-0.04166602084697836,17.104733640115914
2.294279791614585E-6,1.0847355925361107E-5,5.646366666418603E-4,0.027430052012339237,1.170900649170985
2.066733433755796E-6,-3.5255955132341003E-6,-3.691810906411323E-4,-0.03324010589381192,17.060836040294372
2.0787878509011474E-6,3.8528859569341975E-5,0.002406274265787692,-0.06054617413469328,-4.576800751563609
2.11553798986949E-6,4.7524139928631386E-5,2.744185244606904E-5,-0.007266215529426093,-1.0697411865974926
2.199725542672527E-6,1.2396219430614771E-5,6.731279168211849E-4,0.034997903459579136,1.6968697867430098
2.101704430454679E-6,3.1357016907563414E-5,-3.8482342256149845E-4,-0.034422805305249285,7.235202888038892
2.163332295067501E-6,1.339865654521255E-5,7.417069524509837E-4,0.03968135535269518,2.0162014502421535
2.093714558014047E-6,2.179777276993163E-5,0.0013007757178961207,0.0768873601190079,-3.7287825949385587
2.121513031963443E-6,1.3846672909252904E-5,7.740437575241879E-4,0.041995536861511404,2.1806376511514634
5.267947088800418E-8,3.424165607720317E-6,2.2257076450181874E-4,0.6446957037936296,0.9403614800201923
6.312069364438166E-7,4.102845086884809E-5,-0.0026985586962839777,0.5275459676030275,-0.42395404211180604
-1.0616980957396776E-7,-6.901037622307906E-6,-4.485674454500151E-4,0.385686668371142,25.490958926954693
4.992044318398432E-7,3.244828806958984E-5,0.0021091387245233393,0.1370940170940171,8.911111111111115
7.841282595071515E-7,5.0968336867964876E-5,-0.0026008800117063675,0.21534122326715158,13.997179512364845
1.167478687044608E-6,7.588611465789953E-5,-3.9027713885781036E-4,-0.03077405853287292,9.241513513186938
9.309515496793832E-7,6.0511850729159906E-5,0.003933270297395393,-0.10322380379196272,4.772012893657625
5.446911199510898E-7,3.540492279682085E-5,0.0023013199817933537,0.14958579881656808,9.723076923076926
-2.078763048182255E-7,5.683027361046967E-5,0.0037654091155014287,0.24946783661256638,6.4080166091816775
5.781310178215045E-7,3.7578516158397834E-5,0.002442603550295858,0.15876923076923077,10.319999999999999
5.939593562107257E-7,3.8607358153697195E-5,0.002509478279990317,0.16292026258713,10.602545732959094
6.014809452579136E-7,3.900903458868739E-5,0.0025355872482646816,0.1648131711372042,10.712856123918279
5.898900208341106E-7,3.825730541866515E-5,0.0024867248522132336,0.16163711539386016,10.506412500600916
5.866551822902498E-7,3.813258684886628E-5,0.0024804199761305945,0.16111017943646003,10.472161663369898
5.953141788249294E-7,3.869542162362042E-5,0.002517755357280273,0.16348815635979635,10.632293125330376
5.958338867541578E-7,3.87292026390203E-5,0.0025198691340857305,0.1636308811498607,10.636007274740951
-2.727593742128654E-7,-1.772935932383629E-5,0.007988559668130692,0.528540174078053,-4.868925304308542
-6.698813291199069E-7,9.290399328166273E-5,0.0061773378161024475,0.4106752880162873,-11.957800400621005
1.445963161422195E-6,-3.957609270001063E-5,0.006109194357008777,-0.1849813438566029,25.811346158362106
1.0634312445644548E-6,3.2569037451066566E-5,0.0021169874343193273,0.13760418323075624,8.944271909999157
1.1147415167679672E-6,-8.717882566109655E-5,0.004709782908344664,0.30613588904240296,19.898832787756206
1.4103970634080108E-6,2.8329382991623742E-5,0.0018414098944555426,0.11969164313961023,7.779956804074671
1.7977101193949636E-6,-6.773818345277018E-6,-5.658548088006078E-4,-0.04506926107377213,32.090249200024736
2.4987815317494596E-6,1.4933573549868468E-5,8.208905668211359E-4,0.04346929322910319,2.1727023720746237
2.460425450018036E-6,1.4946088192405943E-5,8.242488294779534E-4,0.04385557758333032,2.208901300638173
1.7328989639914075E-6,-4.806331155956624E-6,-4.3169136338719284E-4,-0.03593427169214107,30.933329569099094
2.1963827276601385E-6,6.072679060946605E-7,-1.0490640814240842E-4,-0.016350174702895987,18.757415553440428
2.37696919330496E-6,1.620735964118042E-5,9.13021869410526E-4,0.05007409739918914,2.6426980594583585
2.151719549697048E-6,1.971527577809583E-6,-1.1895485644136065E-5,-0.010018350127844147,18.574011049054242
2.1708952382691317E-6,4.450103682530771E-5,0.0027944507532068415,-0.035347950979300866,-2.9390145265652237
2.2383453656927967E-6,5.395421675129497E-5,3.9257877288418155E-4,0.01631155811534829,0.45250733271681565
2.2979072688281002E-6,1.8748422298896736E-5,0.0010859910312818722,0.0618320206791249,3.4409563504480847
2.207877866169299E-6,3.8236228910991065E-5,6.181748773598835E-5,-0.005393118333003211,9.12411802754405
2.2709946794528766E-6,2.037940570873513E-5,0.0011954380718549613,0.06917271780847595,3.933063411576604
2.2087666177023697E-6,2.9260480260740113E-5,0.001785835783466164,0.10841521332434427,-1.680669047956017
2.241350896043431E-6,2.1602904401092585E-5,0.0012781650556067605,0.07476119328300983,4.310258238781742
1.1670059732066913E-6,7.585538825843488E-5,0.004930600236798269,-0.16144324105472924,20.831786000472693
7.009267042774519E-7,4.556023577803435E-5,0.006888146167939846,-0.06673359460347937,21.068449445737798
1.2403244409718872E-6,8.062108866317267E-5,0.005240370763106224,0.030906595520853345,1.6943718687731428
8.093839820747115E-7,5.2492581853517256E-5,0.003412017820478622,0.22178115833111037,14.415775291522182
8.178014632606774E-7,5.3157095111944104E-5,0.0034572617797701943,0.2245887268479638,14.598267245117649
8.287147840525344E-7,5.38664609634147E-5,0.0035045565813689697,0.22779946497989795,14.800129535866938
-2.442144503864335E-7,-1.587393927511814E-5,-0.0010318060528826814,0.9239784601825092,28.352875141758226
1.4436873526239E-6,4.516512866243366E-5,0.0029357333630581875,0.1908226685987823,12.403473458920846
-1.5194901734625692E-6,1.161506263346017E-4,0.007768066285102679,0.5193339069288431,3.7920566584488196
1.9140572778934503E-6,3.84459547599483E-5,0.00249898705939664,0.1624341588607816,10.558220325950805
1.4912783922273246E-6,9.693309549477607E-5,0.006300651207160448,-0.4497077754001775,26.62025135025289
1.9600370954714275E-6,3.9369510186888845E-5,0.0025590181621477754,0.16633618053960533,10.81185173507435
1.963885121515168E-6,3.944680204063922E-5,0.00256404213264155,0.16666273862170075,10.833078010410551
2.9133117522356013E-7,1.893652638953134E-5,0.013338726745075006,0.08000682399576997,5.200443559725047
1.426951851443083E-8,9.275187034379488E-7,0.011799206986518655,0.0039187665220251355,25.83419101016375
3.1714953735234434E-7,2.061471992790235E-5,0.012831212548246658,0.08709719169538735,5.66131746020018
-6.754466868075236E-9,-4.3904034642480987E-7,0.009073365379777019,0.5990128699222119,-0.1205714551369148
-4.0843082953093963E-7,1.0918587980197768E-4,0.0072349369127831875,0.4793714652042013,-7.290745576395741
1.6722272469891975E-6,-2.3724353422282513E-5,0.007065160118529361,-0.11785544528869685,29.85030150078655
2.125578928469078E-6,3.256903745106657E-5,0.0021169874343193278,0.1376041832307563,8.944271909999152
1.283100992295265E-6,-6.974995044451251E-5,0.005421101692447498,0.3523716100090873,22.90415465059069
2.0571621170235404E-6,3.1339570899367154E-5,0.002037072108458864,0.13240968704982617,8.606629658238697
-3.788129191995194E-7,9.904702352319458E-5,0.006563658733892419,0.434929525759854,-6.7620473657859375
-1.0025392709028995E-6,7.524526619908474E-5,0.005033546532979653,0.3365946320173554,22.50012926321855
-9.464524773803358E-7,7.496057923623921E-5,0.005011050140469414,0.3348688492981853,22.370557133419833
-2.4910612750884744E-7,9.237020128998968E-5,0.006114321466233302,0.40470967132973135,-4.446700067362617
-7.233410156080135E-7,8.866669884260279E-5,0.005901139350014697,0.39267127000349134,6.606050743048977
-7.048677176828161E-7,7.162367067526291E-5,0.004774813667346808,0.3182369068985767,21.205207202335124
-6.253897661053004E-7,8.710843310971684E-5,0.005791803150786699,0.3850330621342264,7.21451563532305
-8.292664650747897E-7,4.8134213503192295E-5,0.0032323547322801287,0.4392851213337395,29.230977536377736
-7.808754211207778E-7,3.927516207689973E-5,0.005616085852800448,0.37410016625948744,24.914254949382475
-6.865135542268254E-7,7.151359010286468E-5,0.004766334967987683,0.31759842225902346,21.15793796966085
-6.221949507115758E-7,5.468261020213862E-5,0.005744232925810305,0.3818789749982455,16.260997323585805
-6.515144149554551E-7,7.104145509338415E-5,0.004732856190198982,0.31523811796559126,20.992359186063858
-5.845357477196694E-7,6.359539626720381E-5,0.004236878324422681,0.28220842266255225,26.100084338005868
-6.00876854216531E-7,7.047172238376767E-5,0.004691902059070051,0.3123172188384403,20.78541057794077
4.428285771527861E-7,2.8783857514931105E-5,0.0018709507384705238,0.600732295177151,7.90476687003796
8.449210591293199E-7,5.491986884340575E-5,-5.463913805950858E-4,0.5037688296779915,6.113077405989878
1.7911755716674162E-7,1.1642641215838159E-5,7.567716790294817E-4,0.39466954970962237,26.00439823717587
6.672657742298164E-7,4.337227532493803E-5,0.0028191978961209715,0.18324786324786324,11.911111111111111
9.172688542106526E-7,5.9622475523692525E-5,-0.0017030270681127116,0.25190495908760085,16.37382234069406
1.1917149108253682E-6,7.746146920364898E-5,4.0237461348082814E-4,0.021449344290173176,11.178229737259873
9.743665734257509E-7,6.333382727267382E-5,0.004116698772723796,-0.04751117720447825,6.992402907350282
6.743107751574191E-7,4.3732411739762105E-5,0.002842606763084537,0.18476943960049488,12.010013574032174
6.966168814483925E-7,4.43730402266562E-5,0.0028833263848984823,0.18735539945513008,12.304566453284535
9.268757703533226E-7,4.2046446549995505E-5,0.0027330190257497085,0.17764623667373097,11.54700538379251
1.1082449792719455E-7,7.2035923652676625E-6,4.682335037423987E-4,0.8907592890269763,1.978286553311639
1.372291523543026E-6,3.949575927513085E-5,0.0025672243528835053,0.16686958293742787,10.846522890932814
1.7523255620039661E-6,3.5197394591895666E-5,0.0022878306484732185,0.14870899215075914,9.666084489799353
1.3663152068218547E-6,8.881048844342051E-5,-0.0063607363381731835,0.3752243136734519,24.389580388774363
1.6353734431532024E-6,1.062992738049583E-4,-0.004866284384779285,0.4491144318259487,3.5327373196324983
1.3403246750885765E-6,8.712110388075749E-5,-0.005869294842189397,0.3680866638962004,23.925633153253024
1.673754373580022E-6,1.0879403428270142E-4,-0.0020530763072465143,-0.1427172217650145,29.877561664886876
2.0851295778484405E-6,-5.103248635610129E-7,-1.7134054710867073E-4,-0.02025847690391827,37.22086617058083
-1.2724483488922538E-8,1.32056619605889E-4,-5.376094274069966E-5,0.575621089076478,-0.2271399830794465
2.1345422000632105E-6,3.256903745106658E-5,0.0021169874343193265,0.13760418323075632,8.944271909999156
3.4068386925533936E-7,1.794800351056175E-4,0.0014393893476038096,0.09356030759424772,6.081419993626103
2.1920261572130257E-6,3.1339570899367134E-5,0.0020370721084588643,0.13240968704982614,8.606629658238697
-3.019346117952749E-7,1.0152070158743556E-4,0.006721884967839849,0.44504504346699447,-5.389721529678042
-9.477768046767903E-7,8.019258403564836E-5,0.005356531633599589,0.3576817087022286,23.876931681107806
-8.772889694318057E-7,7.968766173471222E-5,0.00531854557382826,0.3548715708227284,23.671758486499847
-1.5874280768776462E-7,9.785750330623142E-5,0.006470603747364195,0.42784211837773395,-2.8336583314814128
-6.392434565568967E-7,9.441374765017263E-5,0.006274982616030189,0.4169899029216326,8.147624535638581
-7.968769832600637E-7,7.938635702258023E-5,0.005293346307416802,0.3528629764119341,23.516731680308254
-4.824133870518941E-7,9.13969812939366E-5,0.006065475664487132,0.4024862102949571,9.046775539530241
-4.4706787228347583E-7,5.449823553524838E-5,0.003627248545262847,0.42344818966983194,28.07889128582375
-4.729951593326112E-7,4.718184085471597E-5,0.005718147949699964,0.37951674036115735,25.185960738155494
2.3254876019684693E-6,3.724310596596488E-5,0.0023051083998106973,0.14219446807046268,8.738440944887751
2.1683017976530875E-6,5.432331016642917E-5,0.0015370356007652138,0.09216414893832095,13.786010416694609
2.341503011762918E-6,3.792688228612204E-5,0.002349191053658866,0.1450358896422394,8.92155221154861
2.102796714079508E-6,4.78506344694875E-5,0.0030200721018218543,0.19034881379051954,5.590306387970397
2.1110068975030835E-6,4.280138634799457E-5,0.0026862008309113524,0.16827286314646378,10.519844598344818
