8.524550141385642E-8,5.607546946520314E-6,2.4045216301049908E-4,0.1804281118529671,6.126092805011631
3.136069290038077E-8,5.739006800769679E-6,0.0010502382445408513,0.19219359875097577,35.171428571428564
1.4711331215678404E-8,2.692173612469154E-6,0.002101283739853493,0.3005915621790473,16.498950985760246
3.9734362547527206E-8,-7.298143944358811E-7,0.0013306640673541384,0.24351152432580736,44.56260895162275
3.987400316240114E-8,-9.263087175861545E-7,0.0013353404919056514,0.2443673100187342,44.71921773342834
1.6518788711294047E-8,3.0229383341668077E-6,0.0019447611205453833,0.2832745056354177,18.526038282742924
1.1614523542598078E-8,2.125457808295448E-6,0.001562253464286173,0.22466565075408632,53.18286521881489
3.068486840384564E-8,1.5516487139201438E-6,0.0010276055579763867,0.3271348527341238,34.413482531071224
5.0898693807668933E-8,-9.087292613232523E-6,0.0017045463569250255,0.31193198331727967,57.08355294706217
3.5077577699067196E-8,-7.294930614842767E-6,0.002968745852223017,0.21497247892022325,39.33996364240086
1.910063529947867E-8,-7.70361348378946E-6,0.0021046780000880763,0.3087062312072074,71.5630801247587
5.0141020466276806E-8,-8.522391751845904E-6,0.0016791726343951447,0.3072885920943116,56.233812353259
2.7970839455240095E-8,-6.470589367598028E-6,0.0024527798695166006,0.36974502596414005,31.36966345443627
4.90953779413398E-8,-7.751929646159501E-6,0.001644155111877528,0.30088038547358786,55.06111054166657
2.6905874639167772E-8,-6.752502321865052E-6,0.0019193499326835574,0.29810253129286246,65.02745813497845
4.8189297157322044E-8,-7.100129207772172E-6,0.0016138113725015573,0.2953274811677852,54.044929053704664
3.8125547975779776E-8,-5.866586048659828E-6,0.002396885500434356,0.23365192513744265,42.758302300151996
3.796421927894187E-8,-5.608552359693282E-6,0.0023664046620624673,0.2326632243161449,42.57737004985453
4.187466308655846E-8,-5.958012841260657E-6,0.001402340592105755,0.37317660460697627,46.962984089029646
4.667709962332805E-8,-6.004078773626584E-6,0.0015631693892856346,0.2860599982392711,52.348979677786645
2.414089291177017E-8,-4.9854791814926764E-6,0.001628521708261813,0.3625036744310953,55.14184182893361
2.427268623884416E-8,-4.778707631998143E-6,0.001617005963301145,0.35914372180586807,54.74445326081111
3.725512144456809E-8,-4.510389270006655E-6,0.002235568933202218,0.22831752745645673,41.78210752453161
3.9074251783688905E-8,-4.6462336962567365E-6,0.0020801665327202985,0.23946604409106437,43.82228606866478
4.52287838733277E-8,-4.943911644626303E-6,0.0015146667431338717,0.27718401399349846,50.724674560810215
3.09829761203422E-8,-4.453768167562138E-6,0.0016997588258455393,0.27650145806290505,57.411152699265486
4.0237849153982054E-8,-4.3509017306851695E-6,0.0013475253303177046,0.34683124226094353,45.12727578700961
4.4402550361834E-8,-4.446901397889332E-6,0.0014869970090674593,0.27212045265934504,49.79804283666015
4.420442945466517E-8,-4.330381165294239E-6,0.0014803621380072825,0.27090627125533256,49.57584763972589
3.493660138672917E-8,-3.733735521254762E-6,0.0018323894537894945,0.3007609822649112,39.18185685836356
2.7796601751524804E-8,-3.487933221056508E-6,0.0016786890109483723,0.26817674804130087,56.76864975046924
3.231944340260614E-8,-3.1633893328326833E-6,0.0010823458401098768,0.3016350139824248,63.342871813189376
3.92548819076217E-8,-3.4849193156499294E-6,0.0013146067402043436,0.33185822827842776,44.024865122703254
3.909708736348772E-8,-3.3673361981161394E-6,0.0013093223587158404,0.3296380105598308,43.84789647103477
3.5994001096507124E-8,-3.27836287617052E-6,0.0017216185123428082,0.2881182125355358,40.36774450702113
4.2780896866433374E-8,-3.3812956940581996E-6,0.0014326894551599863,0.2621821702942776,47.979337163852804
8.837432846752745E-8,5.326144760902028E-6,1.2180490754024477E-4,0.17037496850915718,1.9880783510069477
2.998500044171257E-8,5.487255080833397E-6,0.0010041676797925116,0.1837626854020296,33.62857142857142
1.0848199483006254E-8,1.9852205053901453E-6,0.0022119974819209557,0.30832361830436206,12.166398059416935
4.119970775147828E-8,-3.071565836493289E-6,0.0013797370128892567,0.2524918733587341,46.20601282464831
3.9411224092647855E-8,-1.8113475215503519E-6,0.001319842483638684,0.2415311745058792,44.200204934575865
1.3883315895934769E-8,2.5406468089560616E-6,0.0019856182024323,0.28401359223894435,15.570320940278705
1.5373122210824774E-8,2.813281364580933E-6,0.001387248962463986,0.20834062896915362,47.100434521002185
2.949032293209563E-8,1.8576348062355915E-6,9.876014246729507E-4,0.3018596215998591,33.073784110872445
3.5516191681800314E-8,9.838713765375309E-7,0.0011894017432318113,0.21766051901142142,39.83187497909013
3.338261442696488E-8,-6.667838793855036E-6,0.002789372921064464,0.20458491854166683,37.439040093125016
1.7994474458173258E-8,-7.599436332888294E-6,0.0020275248697424336,0.29668023541555816,68.94974411924136
4.866177615480346E-8,-8.79295609001468E-6,0.0016296342216482141,0.2982230625616231,54.574820448777054
2.6583697130527335E-8,-6.724952139174265E-6,0.002406393325646345,0.3612527678466632,29.813965136576474
4.7691593379344004E-8,-8.012562592066578E-6,0.0015971437706808523,0.2922773100345959,53.48674773633105
2.5416359874339198E-8,-7.026451932151177E-6,0.0018695869128969003,0.28898967107281476,63.36103230285459
4.662275047565285E-8,-7.390888277167242E-6,0.001561349290679138,0.28572692019428236,52.288026395553636
3.649196923205332E-8,-6.1722077066489845E-6,0.0023427608673283968,0.22364055904303892,40.9262223048761
3.6264615102684766E-8,-5.9303582171939565E-6,0.002310426602862391,0.22224722221680726,40.671241665675765
4.028598899336551E-8,-6.259641560348941E-6,0.001349137485398817,0.36353371319687694,45.181265248521015
4.5092678696293365E-8,-6.325888147551074E-6,0.0015101087168601693,0.276349895185411,50.57203081893023
2.245089512355752E-8,-5.308334085280844E-6,0.0015731101598268158,0.3524565242403951,53.287037510987915
2.250229592570352E-8,-5.121848353108269E-6,0.001559388262078984,0.34873107004662196,52.81612529110281
3.5455134997824444E-8,-4.888559784999196E-6,0.0021795427257266485,0.2172863339174119,39.763399106886375
3.7206698268111656E-8,-5.034400784930836E-6,0.0020206592873156207,0.2280207666490447,41.72780029677517
4.351893325459874E-8,-5.3294641827838225E-6,0.0014574055557632572,0.26670521670467606,48.807054656955735
2.9194838583480048E-8,-4.819632050804655E-6,0.0016424029150943352,0.2658734570335508,55.4922226802331
3.8486549042490585E-8,-4.738120494627696E-6,0.0012888760408839674,0.33666940249327765,43.163169733163194
4.268477214562442E-8,-4.850879565425648E-6,0.0014294703343848165,0.2615930711924214,47.87153202821313
4.244561880488406E-8,-4.7178485774004555E-6,0.0014214613281567617,0.2601274230526873,47.60331841864176
3.307261722644878E-8,-4.149103994625676E-6,0.0017748236603361645,0.2899729773678178,37.09137416527291
2.5975645586206426E-8,-3.904597154245455E-6,0.0016249829273026132,0.25796885121769303,54.97544807893456
3.055565915261491E-8,-3.589836791852073E-6,0.0010232784693619207,0.29200847329222923,61.67422082623509
3.75440043352057E-8,-3.904327236786319E-6,0.0012573111611817035,0.3222828379048097,42.10609347681408
3.737214668153891E-8,-3.794069289422436E-6,0.0012515558202180568,0.3200170916872084,41.913352863282505
3.422448591072026E-8,-3.6669609598294207E-6,0.0016657487658035797,0.27771717014820285,38.383210008352435
4.1040835398659485E-8,-3.822870923332845E-6,0.0013744165366657087,0.2515182262098246,46.027835396397904
-3.326417757907178E-8,5.1785948541157E-6,0.0018335553549334775,0.18172743145178838,63.575871802110235
7.932059512048031E-8,2.7581171493992466E-6,5.047354383400619E-4,0.09236658521623133,16.903085094570333
7.960072717118938E-9,1.456693307232769E-6,0.002199213874195572,0.30160409059002946,8.92732599636302
3.8945451603969104E-8,-3.198216590387866E-6,0.001304244228765322,0.23867669386405393,43.67783497712186
3.7860895672067506E-8,-2.520355362774409E-6,0.0012679235351618682,0.2320300069346219,42.46149126903581
1.2497355048947409E-8,2.287015973957371E-6,0.0018909073060119639,0.26920178070906386,14.015947665190096
6.8970344343900595E-9,1.2621573014933827E-6,0.0014937757211312863,0.20746346599005702,50.95556803720605
2.7725277216651302E-8,5.82591935354644E-7,9.28491808708436E-4,0.32362693677205934,31.094262181836807
3.498421959656801E-8,-2.3513882333200641E-7,0.001171586530069466,0.21440033500271238,39.23526130549637
2.899980120567126E-8,7.950266375969248E-7,0.001561409723924604,0.17772490469154073,32.52365755855193
2.3781619129322418E-8,8.301765181329988E-7,0.001257139683089253,0.20601469115275503,42.43983678082681
4.5112349504833366E-8,-7.951278795517468E-6,0.001510767472567364,0.27647044747982774,50.59409188880845
2.4582078802902305E-8,-6.530740094065136E-6,0.00226603746119723,0.339393937170012,27.569123918910897
4.7394138761937375E-8,-9.478078052634556E-6,0.0015871823129985202,0.2904543632787293,53.153148480007445
2.3570841842146916E-8,-7.417198228591592E-6,0.0018124059778838377,0.2782842829429045,61.449506949459604
4.473668549657224E-8,-7.7274840861197E-6,0.0014981868605947082,0.27416819548883165,50.17277977445618
3.457183797719085E-8,-6.525295434351891E-6,0.002278606173711714,0.2118730596093205,38.77276990850564
3.4312328477131576E-8,-6.290415554172259E-6,0.002245289697291246,0.21028265901183069,38.48172659916501
3.812066869092389E-8,-6.661262888533509E-6,0.0012766230737903514,0.3503095045253087,42.752830118165065
4.3163508096315326E-8,-6.695577997249503E-6,0.0014455027226375043,0.2645269982426634,48.40844067840744
2.049194800603904E-8,-5.672738105825372E-6,0.0015080229805910959,0.3405861450330665,51.10771318811255
2.0549053266184668E-8,-5.486125439914528E-6,0.0014945720903037025,0.3369165735387037,50.64593566474568
3.348942336844463E-8,-5.263426368360747E-6,0.002115033500751055,0.20523949575100897,37.558827722434636
3.5271919022676366E-8,-5.4004384175197385E-6,0.0019566485995876023,0.21616349719552477,39.55791998678103
4.144659128043179E-8,-5.737944308317389E-6,0.00138800489539038,0.25400489585643954,46.48289594172843
2.727385728363181E-8,-5.187382385367305E-6,0.0015791314888101366,0.2542394548998123,53.374107194740006
3.657053862268735E-8,-5.117427982403566E-6,0.0012247107679351772,0.325172536292093,41.01433890738113
4.077229836911527E-8,-5.240900664271602E-6,0.0013654235000833007,0.249872500515244,45.726667594289665
4.048924287735656E-8,-5.1046738630226575E-6,0.0013559442547197939,0.24813779861372226,45.40921714631118
3.108712245423227E-8,-4.5403594322270734E-6,0.0017101569619440466,0.2780437085312525,34.86461572655519
2.380572560753434E-8,-4.347079028401512E-6,0.001556272677926655,0.24518832243989716,52.67732719439113
2.8576651858310314E-8,-4.013319714833307E-6,9.570034940829537E-4,0.280579781826396,59.63778408476758
3.559960663440034E-8,-4.3217111162337275E-6,0.0011921952265794328,0.3108933502248837,39.92542594291863
3.53979830934483E-8,-4.218620743223251E-6,0.0011854430558164899,0.30845990484353214,39.69930249623846
3.2154889830924935E-8,-4.0839893066017374E-6,0.0015984437652416597,0.2652957946452797,36.06213084969177
3.898118817129705E-8,-4.261338641028859E-6,0.0013054410106685672,0.2388957049523478,43.71791400627967
8.524812766424796E-8,4.356497061473945E-6,-8.690132822217851E-5,0.13760949412964615,-5.077928167811141
6.327084976935123E-8,2.7581171493992453E-6,5.047354383400619E-4,0.09236658521623134,16.903085094570336
4.795417256486069E-8,8.775613579369508E-6,-5.799352722433645E-4,0.007938530697210497,53.78123373818954
1.2357851793838533E-8,1.4160795394616819E-5,4.1385209872385893E-4,0.0757349340664661,13.859492934163304
1.3007585008455013E-8,1.3502074975761446E-5,4.356110143481489E-4,0.07971681562571123,14.58817725950514
4.124052649960924E-8,7.5470163494284935E-6,-2.1115301645575538E-4,0.044448690860593706,46.25179158626001
4.7421942562880605E-8,8.678215489007157E-6,2.060538894986348E-4,0.1098286956123011,5.8821483823711835
2.4840812380411844E-8,9.59681312859665E-6,8.318939658076125E-4,-0.020636343975096547,27.85929702093113
1.712809538729771E-8,1.0527819998437955E-5,5.736027864252128E-4,0.10496930991581394,19.209383714593955
2.3505702520279486E-8,9.369646929444738E-6,1.2419140256579947E-4,0.1440543923214,26.361953794816202
2.9105466392473793E-8,9.318236253302916E-6,4.525022551439254E-4,0.11005874417509934,14.769049600162408
1.821460361118724E-8,9.328678541071336E-6,6.099888603350492E-4,0.11162796144131396,20.427916943760444
2.5623879358638213E-8,8.51745772212884E-6,3.573152438203811E-4,0.09152238219783786,28.737516911633847
1.8964140768731774E-8,8.610277620016667E-6,6.350901102040581E-4,0.11622149016734262,21.2685327006237
2.6082214433600444E-8,8.316504945181938E-6,5.644388364020924E-4,0.11941852177601392,18.67478016871808
8.71652438746035E-9,1.6316009516708637E-5,2.919076852116591E-4,0.05341910639373351,9.775696470053248
1.7710951914743944E-8,1.548457507653923E-5,-4.7464250468935156E-4,0.10854133856713322,19.86306495778537
1.756174078351359E-8,1.5506786752820583E-5,-4.8395788757819446E-4,0.10762690008913281,19.695722716311316
1.345358762595425E-8,1.609985753252044E-5,4.5054719600558213E-4,-0.03424167248267601,15.088375047030953
8.531435930320077E-9,1.6155297490669523E-5,2.857092578704896E-4,0.05228479419029948,9.568117336824805
3.1374815472297345E-8,1.5164387467194325E-5,2.289403017593242E-4,-0.022722081371855496,7.061448140940673
3.118002811981117E-8,1.495258363529493E-5,2.3777995032285928E-4,-0.019896399048375646,7.368799490951961
1.8060801142450505E-8,1.4697168164638517E-5,-3.88672454640701E-4,0.11068538501109304,20.255425457030015
1.6142612713762656E-8,1.480929393282237E-5,-2.3482709820762894E-4,0.09892979216232918,18.104151965706237
9.859262739745038E-9,1.5126761830332924E-5,3.301768498913212E-4,0.06042236353011175,11.05729252601047
2.4102589506287037E-8,1.4589109412271808E-5,1.4142498198394925E-4,0.0606218238004706,4.245616299048287
1.493948634335629E-8,1.4543303539304975E-5,5.003084581526577E-4,-0.009490090398402068,16.75482995507435
1.05935474345326E-8,1.4639700542624561E-5,3.5476731003506216E-4,0.06492241773641624,11.880802445764184
1.0724510538087782E-8,1.4475483471318769E-5,3.5915313341002133E-4,0.06572502341403383,12.027679284768187
1.997228019428487E-8,1.3882263844019048E-5,-1.0001627148996297E-7,0.0348900011751931,22.399174294178845
2.714614613596316E-8,1.3667915255428766E-5,1.503472611381466E-4,0.06710785194508978,4.4758836297302445
2.2451105466214287E-8,1.3345374016574993E-5,7.518650709580501E-4,0.03221190581327704,-2.391500008526922
1.5543801196575326E-8,1.3675068529912414E-5,5.205463582721112E-4,0.0025887250394511785,17.432576992174727
1.5593114156205594E-8,1.3541556273201203E-5,5.221977999771686E-4,0.004110547840109377,17.487882123435394
1.8672603584119734E-8,1.3379496438741607E-5,1.0402815281048046E-4,0.046240389909900925,20.941569922821895
1.1689679386063103E-8,1.3519187962676179E-5,3.9147567295986694E-4,0.0716400481516556,13.11012881175297
8.253403522182613E-8,3.950140610235062E-6,-1.5416224928705932E-4,0.12406757833353299,-7.313016077014002
5.018668468747656E-8,2.838062538137395E-6,5.193654444791433E-4,0.09504387633968324,17.39302937016203
-2.850513944463991E-10,-5.216440518369736E-8,0.0021883810586745597,0.2857779965198945,-0.31968887903101084
1.038490288665002E-8,1.3556273722357841E-5,3.477800127710217E-4,0.06364374233709708,11.646804847688744
1.1288570935340972E-8,1.2688103656694305E-5,3.7804295205363296E-4,0.06918186022581489,12.66028042132412
4.0200599848564765E-8,7.356709772287353E-6,-3.581408743566701E-4,0.02340291628457434,45.085500202236
4.754073686178286E-8,8.699954845706266E-6,5.819914203279936E-5,0.09069447101160145,0.8187603923448226
2.2632197390239058E-8,9.76058012381183E-6,7.579296584017166E-4,-0.05361017069966274,25.38230633021509
1.3395788394908642E-8,1.0684075656407584E-5,4.486115575570951E-4,0.08209591503294841,15.02355245102957
2.089085686376096E-8,1.0033427548098927E-5,-1.1280840093429536E-4,0.1280293447084198,23.429370081640826
2.7691431166666406E-8,9.871254912863163E-6,2.989525576351606E-4,0.08750079001771291,9.548572424261952
1.4164923073683466E-8,1.0238991990468797E-5,4.743691088145859E-4,0.08680954691306925,15.886147085091661
2.3418654546540857E-8,8.692421574306235E-6,2.077845636873304E-4,0.06810751722414284,26.2643283501119
2.9033236276239793E-8,-8.987176786572835E-7,9.72294049654995E-4,0.17792981108686398,32.5611554288961
2.095585235236372E-8,2.4804859141352844E-7,0.001014605043171883,0.16934893791799197,34.20861012746352
1.667045505245138E-8,8.419111614904714E-6,5.582768692515444E-4,0.10216466707303268,18.69613407436498
2.0534338445132747E-8,7.0983037380568995E-6,3.963445964671982E-4,0.12584442621459624,23.029529997271105
1.999258670816003E-8,7.771829209927014E-6,3.1081694284791996E-4,0.12252430773733164,22.421948315931687
2.441453818404356E-8,1.7305372733360031E-6,8.17618469245435E-4,0.1730459930837727,27.381224916560377
2.521723128321524E-8,1.8004732591143224E-6,8.444998584435954E-4,0.15454347409517785,28.281455759417554
1.633261514028476E-8,-5.143753923175006E-6,0.0012562165804549917,0.28565824208499313,42.59206073566263
2.856791709772967E-8,1.4057726061889464E-5,1.8665608106060278E-4,-0.02639351930968531,5.683499546735394
2.454114083194645E-8,4.802622905326767E-7,0.0011716409702848668,0.15040006255375285,27.52321144733677
3.0431085167711233E-8,-6.223147046726628E-6,0.0017904024730839004,0.18649650984621102,34.12886130185663
3.754352360164221E-8,-7.346383750387269E-6,0.0012572950618953958,0.2300849963268573,42.105554327814886
2.2188567040495443E-8,-6.118217937443682E-6,0.0014088450801413334,0.22307626581548184,47.67139661663256
3.1477337232022093E-8,-6.04993073961848E-6,0.0010541445465631883,0.2939627416890075,35.30224671985462
3.5978845334217914E-8,-6.1179696675425965E-6,0.0012048955513976234,0.22049588590576494,40.350747120754995
3.5690041307049775E-8,-5.982915846760383E-6,0.0011952237933317892,0.21872595417971746,40.02684961488829
2.6251850108857525E-8,-5.425289652796366E-6,0.0015482334569294738,0.24841144981926225,29.44179434760899
1.889657829784591E-8,-5.245768213524132E-6,0.0013918977349539094,0.21510627328202397,47.172594986520366
2.347747311935522E-8,-4.94705216816647E-6,7.862370972940878E-4,0.24933617952091047,53.92072763793186
3.0480151854166345E-8,-5.259195489588461E-6,0.001020749805444177,0.2795241786632114,34.183890234520035
3.055865847488207E-8,-5.102326767329732E-6,0.0010233789136653267,0.2787859918481994,34.2719364397381
2.7371873814045313E-8,-5.0325730936085335E-6,0.0014421004527318034,0.23648483858785788,30.69791562880813
3.4160563085830564E-8,-5.142275992256448E-6,0.0011440030971813795,0.20935256678419253,38.31151972150722
8.065836345259093E-8,3.485706154505612E-6,-2.4868299174430936E-4,0.10842483482535067,-10.501784513355869
3.7795063497717796E-8,2.7581171493992458E-6,5.047354383400618E-4,0.09236658521623134,16.903085094570333
4.205589255146374E-8,7.696228336917866E-6,-7.892166745706219E-4,-0.029746605031708756,47.16623531183277
6.120871505571759E-9,1.3269054328737697E-5,2.049818658500933E-4,0.037511681450567096,6.864637705453767
7.75902474576179E-9,1.2938365989167951E-5,2.5984197971081586E-4,0.04755108228707933,8.701848058535514
3.929034187621953E-8,7.190132563348171E-6,-5.561886536845507E-4,-0.004095727796962323,44.064633942755954
4.731211919148033E-8,8.658117812040899E-6,-8.912696233426417E-5,0.07102227265285457,-4.217961298315732
1.982301705502036E-8,9.939814762170286E-6,6.638530181555769E-4,-0.09455548863230986,22.23177372501212
9.01223558747263E-9,1.1375319112087919E-5,3.018107575888712E-4,0.05523136863876345,10.107340460893708
1.7401344653851005E-8,1.006301140198768E-5,-3.170755655571839E-4,0.10664391449364535,19.515836352337107
2.5199802328998943E-8,9.46272056764004E-6,2.0930528912609046E-4,0.07141914483898411,6.541802724928989
1.1729356607112076E-8,9.699019380534683E-6,3.928044234155761E-4,0.07188320948505043,13.154627335764223
2.1047295083263797E-8,8.725838889694684E-6,6.722964522295566E-5,0.04557649614447902,23.604817597439144
1.2001014257043918E-8,9.15563475988795E-6,4.0190196645414325E-4,0.07354805986110824,13.459294954582798
2.115785761148601E-8,8.641423301979815E-6,2.9259984344647385E-4,0.07525183201377937,9.492373293087782
1.2477816438263653E-8,8.683111633051935E-6,4.178695947010113E-4,0.07647013583028506,13.994034856942166
1.7009755322585453E-8,8.08019776710614E-6,1.364269911674087E-4,0.10424406436764574,19.07666377927917
1.6972133004774295E-8,7.890801976025816E-6,1.5108400466277608E-4,0.10401349648203022,19.03446985621153
1.5445668161657113E-8,7.934126382350517E-6,5.172599810657345E-4,0.050955834745045565,17.322519505910385
1.3542764458323921E-8,7.865962326673636E-6,4.5353363894480906E-4,0.08299665592690006,15.18838803462271
2.1785319406105326E-8,7.40445083823761E-6,4.315044799489391E-4,0.05552770278590612,14.231020751614047
2.1609948198962093E-8,7.251497167092099E-6,4.361718520560449E-4,0.057210651484876564,14.395093204583869
1.7396916302466095E-8,7.06334778063679E-6,2.442520008189268E-4,0.10661677539975152,19.510869898154525
1.674209565623728E-8,7.0340208294355655E-6,3.0099126023063334E-4,0.10260371558200651,18.77647995150719
1.4636221106281367E-8,7.061200796073584E-6,4.901524086282567E-4,0.08969789077897097,16.41471401255168
1.9180735287215465E-8,6.825547557580833E-6,4.25484512592771E-4,0.08918015462056109,14.089255092662318
1.6133006562465533E-8,6.7197436446534755E-6,5.402782567704088E-4,0.06663526124292833,18.093378540984222
1.4754446015052721E-8,6.67897197552037E-6,4.941116425981009E-4,0.09042243059545245,16.5473047989678
6.850105661382063E-9,1.2694728445503821E-5,2.2940318849402457E-4,0.04198078349440659,7.682483379476398
1.5240892809836735E-8,1.2276958561524239E-5,-1.101826075144384E-4,0.012220931402550345,17.092861261986478
2.190144012334735E-8,1.2205223738968158E-5,1.8566581631683813E-5,0.04070325273789052,0.09499879099274722
1.7386634839739614E-8,1.1977681662515619E-5,5.822610141480392E-4,0.006204358770861146,-6.7553584357565235
1.0465783648597241E-8,1.2400090080716066E-5,3.504886286078717E-4,-0.025573858575796443,11.737513683449047
1.0384947194450708E-8,1.2391772195952326E-5,3.477814965949597E-4,-0.026124668446431465,11.646854539468604
1.3590240080197602E-8,1.2457327590823001E-5,-6.658869062723489E-5,0.015039089236896647,15.241632567481673
6.512713952419077E-9,1.267622211168258E-5,2.181042775525623E-4,0.039913082792118956,7.304094150957779
7.851982711155228E-8,3.0940877259557945E-6,-3.203701023679613E-4,0.09530972906079403,-12.90256549622837
2.747737005770625E-8,2.758117149399246E-6,5.047354383400619E-4,0.09236658521623128,16.903085094570336
3.944792813611886E-8,7.2189708489097515E-6,-8.765664345077304E-4,-0.04573100370239176,44.24136900092236
3.643143061700028E-9,1.2816468062571094E-5,1.2200521799327242E-4,0.02232695489276882,4.085832745376697
4.1572000349675165E-9,1.2262501732752157E-5,1.3922047197102705E-4,0.02547734637069804,4.662354385837732
3.6779220070708264E-8,6.730597272939614E-6,-6.404512784187699E-4,-0.019507038678135025,41.248377889445884
4.465637799381892E-8,8.172117172868863E-6,-1.7742234149447066E-4,0.054830677897861925,-7.174411640474185
1.7257577476953928E-8,9.461029784642265E-6,5.779390121257102E-4,-0.10995912486311309,19.35459957707792
6.191427953259867E-9,1.0817736550995405E-5,2.073447307267195E-4,0.037944085722989594,6.943767687307101
1.460413973516484E-8,9.523757436207796E-6,-4.0717130920602554E-4,0.08950128051314106,16.378734333904806
2.2413007273801113E-8,9.65613004575411E-6,2.3962968585045216E-5,0.04230319135022441,0.2670709336145478
7.614100354518475E-9,1.0158218643046735E-5,2.549886067724687E-4,0.04666291503936181,8.5393134522032
1.8430453816985568E-8,9.124630806659436E-6,-1.3521989330547485E-4,0.014519645103368034,20.66999578173388
7.93781102285476E-9,9.630785231455697E-6,2.658293533443831E-4,0.048646771662022165,8.902359214150044
1.8555692658954402E-8,9.16169948815001E-6,1.1855265155400903E-4,0.047936121867770395,3.5996709530111186
8.063306414977989E-9,9.29600427816719E-6,2.7003206853119804E-4,0.04941586854120924,9.0431039430413
1.2953029458628403E-8,8.577149221187703E-6,-1.075120319301337E-4,0.07938247264782122,14.526992494551283
1.3847650289611937E-8,7.942175475977576E-6,-7.897627301654397E-6,0.0848651447804331,15.530321494819262
1.2075323139946454E-8,8.025880420844299E-6,4.0439049663366694E-4,0.02423823033883387,13.542633341764885
9.075213458308066E-9,8.623354528210122E-6,3.03919823505279E-4,0.055617327701466,10.177970969368285
1.9266308918954665E-8,7.476104067823382E-6,3.006939887109889E-4,0.027936782670417416,9.816079870298585
1.9152562285642686E-8,7.325989197416471E-6,3.0816103534214625E-4,0.030189939987807068,10.07445290332924
1.3497779948118026E-8,7.487746552928373E-6,1.4432945989512974E-5,0.08272096894090203,15.137937316185063
1.3375378112287024E-8,7.1577664749915305E-6,1.3985067314973182E-4,0.08197083088123548,15.000662051266097
1.0845154532859063E-8,7.20374662922573E-6,3.6319338015091725E-4,0.06646438856761785,12.162983107874068
1.6346940752291665E-8,6.937735197643421E-6,2.893259016978489E-4,0.06641610209352784,9.499038071917134
1.2427683163937874E-8,6.992945698437626E-6,4.1619068147711545E-4,0.03578767212818424,13.937809731987116
1.0586066217316106E-8,7.099688936277537E-6,3.545167715516987E-4,0.06487656919396084,11.872412162494838
1.1013599029604913E-8,6.70514871214721E-6,3.688344179024387E-4,0.06749669847614627,12.351895821134768
1.486218677250912E-8,6.382156854370134E-6,2.581702953458326E-4,0.059745716664062,16.668137472121625
1.7408712556377424E-8,6.497763987360993E-6,2.9416040192490787E-4,0.06890406135556032,9.638301839008971
1.5592079550322547E-8,6.256725599010361E-6,5.221631520607515E-4,0.05672803939849446,7.328090722275333
1.294333843756536E-8,6.278731137552411E-6,4.334594609356255E-4,0.04586644162171746,14.516123887273173
1.2941295532133955E-8,6.216684453533004E-6,4.333910460756345E-4,0.046381623199701086,14.513832742026928
1.796906124881263E-8,-2.2946047559426897E-7,7.858402048688758E-4,0.13420309833687147,20.152537962596018
1.1983769752613151E-8,6.1123882825773705E-6,4.013244652452616E-4,0.07344237713988289,13.439955016598564
3.3242486607444924E-8,2.6432518511499863E-6,2.1320852635423526E-4,0.08598495731109068,6.476926293911882
1.4496120195308334E-8,2.6468714113379765E-6,4.8437746827484953E-4,0.08864107669429748,16.221317035056437
1.4222052569150726E-8,2.6026356201545847E-6,4.7626328924094146E-4,0.0871571749456052,15.950218563854301
1.385065851006056E-8,2.5343752303909916E-6,4.638447028434179E-4,0.08488358062034547,15.53369525352322
1.378541647518098E-8,2.5223025158639345E-6,4.616598123373354E-4,0.0844837456577324,15.460525455365019
-5.527245444342718E-9,-1.0114859163147195E-6,0.0016890709723952398,0.21129891097416933,-6.198878288817868
4.2046142271859027E-8,7.694444035750202E-6,-2.6697789101555686E-4,0.03855375647908751,-10.1751153340983
1.4678915442009497E-8,9.000421030102572E-6,4.915821992374566E-4,-0.12614870834295766,16.462596270263163
3.851226774042961E-9,1.0421177642493886E-5,1.2897373343592476E-4,0.023602193218774242,4.319201359035678
1.2236419452587656E-8,9.09646158826113E-6,-4.8724839499739446E-4,0.07499073754173063,13.723304970136695
2.0145166915341032E-8,9.246734470175745E-6,-5.27198220401836E-5,0.028308600035553216,-2.301500699416497
4.857405652097756E-9,9.526967079614683E-6,1.6266965788310178E-4,0.029768547392607637,5.447644172847182
1.6396447731718848E-8,8.780311857124528E-6,-2.0698704555787713E-4,0.0015767431856389957,18.388831268913375
5.87885529002446E-9,9.38598441429582E-6,1.9687698480762858E-4,0.03602848821979608,6.593213344222679
1.66829687644629E-8,8.871854388822768E-6,5.1226736700834804E-5,0.03585605961158862,1.341596251333483
5.856637350813753E-9,8.945446985484812E-6,1.9613292824140216E-4,0.0358923258681766,6.568295633876316
1.0779599981374968E-8,8.237907701069604E-6,-1.8539950916660687E-4,0.06606263835105669,12.089462818243366
1.0936496090903704E-8,7.71389143641599E-6,-1.319412662541239E-4,0.06702417411865422,12.265423863713721
9.13071399164024E-9,8.421141965217447E-6,3.0577848086603957E-4,-0.0018005775746334843,10.240215545722794
6.784964573097146E-9,8.27647881491884E-6,2.2722167858845105E-4,0.04158156718168656,7.60942679424863
1.7533422754459397E-8,7.736519364293532E-6,1.9229412906519045E-4,0.004139091018536704,6.1487631539332295
1.7128013486668514E-8,7.353502512731483E-6,2.0565046641547963E-4,0.008701125237499989,6.615899566414014
1.0836395858088721E-8,7.678383857860445E-6,-1.3379443356872157E-4,0.06641071114315063,12.153160139196556
1.739734936249341E-8,-1.6773390978173579E-6,9.005726422718398E-4,0.10661942940249919,19.51135558065735
7.63140388330983E-9,7.532874207430104E-6,2.555680846481631E-4,0.046768959490613805,8.558719586782326
1.412458235934652E-8,7.092076138914884E-6,1.7820521197896004E-4,0.04799595178886865,5.750677226574585
9.951717817566781E-9,6.959640991063901E-6,3.332730779924945E-4,0.017021772321999182,11.160982108890643
2.0029573432313577E-8,-1.8550857927319086E-6,6.707703846747493E-4,0.1227509803954791,22.463429412372676
1.9958572547048708E-8,-1.8726286638725595E-6,6.683926360281145E-4,0.12231585239314491,22.383800987945516
1.582797819244915E-8,-1.8185146033387015E-6,8.384651033664563E-4,0.1373455922797459,17.751285221733582
1.5334942039461087E-8,6.451386353460118E-6,1.956599868333794E-4,0.05239451868471944,6.318214119889943
1.484038546272218E-8,-1.4331326343082701E-6,4.969896687611031E-4,0.13828260321513774,29.027682133820434
1.7757164027441496E-8,-1.4443230409408247E-6,5.946696661149881E-4,0.14898760858728904,19.91489244852484
1.773287579739641E-8,-1.6277357167616985E-6,5.938562775790085E-4,0.15037009150386718,19.887652879843426
1.5977369270764736E-8,-1.1562840314876314E-6,7.48565956697032E-4,0.12584638130602674,17.918829276224862
1.8679541816819588E-8,-1.2325232195647994E-6,6.255591759034715E-4,0.11447732919033529,20.94935124183136
-7.717791140137332E-9,2.4496427763858684E-6,7.519644363316377E-4,0.08488185575517096,25.92708350757039
1.4700290902284517E-8,2.6841512903709053E-6,4.911996861378756E-4,0.08988954256323121,16.449786289071316
1.3625760657545837E-8,2.4935142003308894E-6,5.362849071620919E-4,0.09396692164436567,15.281469361043252
1.4638125486515362E-8,2.266163957869137E-6,4.90216184417913E-4,0.08970956174847813,16.416849799971494
2.657319086245811E-8,-6.675175924553047E-6,8.899095887928597E-4,0.16285345474909335,29.802182219084074
-5.448529637053759E-9,-9.970809235808402E-7,0.0016919359171053334,0.2118112546300986,-6.110597478113164
-1.378994271312691E-8,-2.523559516502226E-6,0.0012147209449747357,0.1348064505740019,41.91516653325242
1.4319982050773427E-8,-3.7096740569605677E-6,4.795618788983509E-4,0.30441744316330943,16.06004776242686
2.5076494879640226E-8,-5.1623392996804165E-6,8.39786737024272E-4,0.1536809728754417,28.12361803620584
1.6509416684834664E-8,-3.870781025504303E-6,0.0014544710869744673,0.1011777455305923,18.515527432098388
8.480373559147338E-9,-4.04756926365185E-6,0.0010165027698989077,0.14779533975135994,34.581416960681295
2.3895573570778767E-8,-4.47616047671211E-6,8.002388633118105E-4,0.1464437119860613,26.799199293449213
1.2756871306315617E-8,-3.4603191637141435E-6,0.001185273255501623,0.17734679457296135,14.306998552941376
2.3920702172220735E-8,-3.992407936176941E-6,8.010803950455002E-4,0.1465977122933266,26.827381349678767
1.2859743222828782E-8,-3.4855429382533624E-6,9.398737861633007E-4,0.14542429442901258,31.850654722602123
2.3528239436939677E-8,-3.656050804606901E-6,7.879372105036729E-4,0.14419250952217222,26.38722924255751
1.856648858642949E-8,-3.0280104055262506E-6,0.0011821625227507555,0.11378448393758162,20.822560560577436
1.843525691217444E-8,-2.9107232783385403E-6,0.001165444579659416,0.11298023232792131,20.675382516009606
2.0416080649861737E-8,-3.082150634897651E-6,6.837141248832196E-4,0.18346018094737457,22.896902328214153
2.240573988517725E-8,-2.4073356226026716E-6,7.503458230147014E-4,0.13731328561169037,25.128331266939334
1.2455422449813778E-8,-1.8663839790816826E-6,7.786723185641532E-4,0.17092693808921386,26.343372531794408
1.218090395879968E-8,-1.8447731400298612E-6,7.632130615465869E-4,0.16760518814333814,25.821040350230405
1.756240960659318E-8,-1.8239657186672216E-6,0.0010275063554066783,0.10763099896268138,19.696472810170686
1.8150382997310598E-8,-1.911309727418473E-6,9.501081717155993E-4,0.11123438624403897,20.355892682659146
2.0644585713803328E-8,-2.106995580240017E-6,6.913665309695599E-4,0.1265200751674294,23.153173755639582
1.4532679709404025E-8,-1.756440651266935E-6,7.75522371031444E-4,0.1268480172136407,26.184302693057226
1.8359517423234493E-8,-1.7665448515687876E-6,6.148418789867001E-4,0.15637938853333014,20.590439685385604
1.9995894345200987E-8,-1.8551557935518319E-6,6.696425057264362E-4,0.1225445785479378,22.425657874272623
1.9672961541896803E-8,-1.841131384853805E-6,6.58827809076582E-4,0.12056548906101447,22.063484498165653
1.5451361385090023E-8,-1.6114212133195867E-6,8.07798985944198E-4,0.13267579437142799,17.328904530691204
1.21287250552891E-8,-1.557286289563056E-6,7.355608899887927E-4,0.11741930552450147,24.87590849009437
1.4337767248666228E-8,-1.3130814344901925E-6,4.801574873905839E-4,0.13278334022368726,27.831106293076434
1.7187726826676185E-8,-1.4658222624629068E-6,5.75599783698559E-4,0.1447901337384113,19.27626115628105
1.6997793128918796E-8,-1.4320445756528348E-6,5.692390940943613E-4,0.14303970540259175,19.06324802212607
1.5507668366503754E-8,-1.391471860958889E-6,7.40644970200972E-4,0.12398934811688953,17.3920535491506
1.830702784398202E-8,-1.4732391140819866E-6,6.13084055467114E-4,0.11219438215048189,20.531571933538185
3.436905990016768E-8,1.8258636414145713E-6,-1.6858219511615065E-5,0.057857225285955674,-1.4251072054269223
1.0011984004751951E-8,1.8321930728696054E-6,3.3529133233513775E-4,0.061358313817330215,11.228571428571422
1.9011864748857688E-8,3.4791712490409577E-6,-1.0963712240658807E-4,0.01888235126071272,21.322055770521267
6.722597132089669E-9,5.232008921432E-6,2.2513305535655137E-4,0.04119934913024891,7.539480890835551
6.885685525233459E-9,4.929512511894631E-6,2.3059472255454347E-4,0.042198834227481476,7.722386663629105
1.6616684569270903E-8,3.040853276176574E-6,-2.127192468220889E-5,0.02625620857822873,18.635829771955546
1.0630562444818468E-8,1.9453929274017794E-6,3.5024347523336836E-4,0.06439531248254143,11.725056875990425
1.0426116643457999E-8,1.9346365520658726E-6,3.4916022027276454E-4,0.0629839543843391,11.693026616714612
1.1140459842960906E-8,2.078424603473685E-6,3.730828596809177E-4,0.06827416332160795,12.494171887854254
1.1116677305894025E-8,2.0701173067181965E-6,3.676077104677129E-4,0.06812841235236648,12.46749946048307
1.690917232404303E-8,8.693607792965992E-6,-1.6619977729785917E-4,0.007808412422593634,-6.105596100361703
1.010626360629753E-9,9.309722350495097E-6,3.384486619113032E-5,0.006193610512976816,1.1334307238747492
1.253265605421685E-8,8.956434438922723E-6,-4.519181517962056E-4,-0.03721653494972725,14.055538205784307
1.6556743999982204E-9,8.707211327918835E-6,5.544687998154066E-5,0.010146779036621943,1.8568605637017992
1.3416433662604938E-8,8.666990776174067E-6,-9.243250832212846E-5,0.01135455389374116,-3.49465778189505
2.6250788299223693E-9,8.459315686462038E-6,8.791126493526931E-5,0.016087761483154273,2.9440603514172414
7.684268854463743E-9,7.882023035936467E-6,-3.0742226947711E-4,0.04709294177908588,8.61800834557271
7.84542297793382E-9,7.753637657909558E-6,-2.882568142564651E-4,0.0480805727297687,8.798744809547667
5.882186755259243E-9,7.901470927264357E-6,1.9698855224687615E-4,-0.02234923900111726,6.596949626195645
3.499266645715582E-9,7.940313191789306E-6,1.1718694069836949E-4,0.02144521014780154,3.924473457047685
1.5242404097000388E-8,7.589502591434187E-6,9.18279308895343E-5,-0.016113145055368226,2.766755809131995
1.5240608655350025E-8,7.478866880153413E-6,1.0138779291251243E-4,-0.013607243469178666,3.093994655186565
8.753853026192833E-9,7.308232300052596E-6,-2.0449199992647447E-4,0.05364787447093345,9.81756102818081
7.96081544458381E-9,7.3885248018237626E-6,-1.2138180065200639E-4,0.04878775396153106,8.928158974960182
4.8694583495662084E-9,7.5530367623407365E-6,1.6307329066862292E-4,0.029842412192357996,5.461161431201518
1.210294007938937E-8,7.309382412148098E-6,7.20903668379855E-5,0.03058141481849384,2.16869269736235
7.738465923921124E-9,7.3227445796474765E-6,2.591534853261942E-4,-0.0031145801691626063,8.678791070088922
5.704054762851094E-9,7.395039243997875E-6,1.9102308995312006E-4,0.03495722546142091,6.397172259440038
5.734112322495028E-9,7.306284760355403E-6,1.9202968756803604E-4,0.03514143282495059,6.430882206965964
1.0344574349071627E-8,7.008555815225368E-6,1.1833871709529613E-5,0.019625998270524296,11.601575863643873
1.3871705103658835E-8,6.89286093852285E-6,8.480355415761649E-5,0.035335560258061394,2.560164975315896
1.1497231083767478E-8,6.7257880433612E-6,3.850307717642895E-4,0.01773232454812087,-0.901159660677866
8.65648903719079E-9,6.385189608225647E-6,2.8989716136648225E-4,0.011971141002733797,9.708366037002133
8.694406179768572E-9,6.303675309278967E-6,2.9116696855426986E-4,0.012960361975580887,9.750890609913947
1.0054415683233964E-8,6.2082616196424916E-6,1.0813401810814749E-4,0.03171656291545441,11.27615911273508
7.03618473831479E-9,6.251682471919726E-6,2.3563479070142401E-4,0.0431211666983606,7.891173505799986
3.354709720467758E-8,2.4485174955066722E-6,1.578763421969794E-4,0.07927893011178383,4.575617638715395
1.3628394690659607E-8,2.4884319254480265E-6,4.553830423569888E-4,0.08333509675132898,15.250322705493202
1.386577848537038E-8,2.537437462822781E-6,4.490578821923678E-4,0.08297564519449478,15.550652504222397
1.4392968997497119E-8,2.735702794176816E-6,4.820061387571814E-4,0.08820712339256419,16.141903580839248
2.0132910345249733E-9,1.1906408670452324E-5,6.742310345520653E-5,0.01233842793230279,2.257932311611409
3.3105918426714115E-8,6.058383072088687E-6,-7.65712626577169E-4,-0.04231265324319078,37.1287218983156
4.067320301866184E-8,7.44319615241512E-6,-3.144235765117447E-4,0.029947766212574126,-11.765105113484704
1.2923432289960128E-8,8.695237054841452E-6,4.327928239584747E-4,-0.13745715454516713,14.49379888154537
1.6680924787771777E-9,1.0061163013790704E-5,5.586274902176822E-5,0.010222883070983603,1.8707876019899974
1.0441122649444182E-8,8.844549122306877E-6,-5.573951386490558E-4,0.06398828442252424,11.70985604932194
1.812456384498752E-8,8.927180094847223E-6,-1.269568731595198E-4,0.015066017616414802,-4.792465821050397
2.350522955314986E-9,9.27915737823912E-6,7.871666325054384E-5,0.01440514937484954,2.636142335597464
1.3229849286511252E-8,8.21590229785335E-6,-3.1500570493335066E-4,-0.018087742261390295,14.83744956367486
2.4346346196961292E-9,8.815466156284986E-6,8.153347877900297E-5,0.014920626616557596,2.7304746708300236
1.3354835949000016E-8,8.282796186789107E-6,-6.197245879664915E-5,0.015231581398051919,-2.450616223195082
2.9751748277680003E-9,8.506079893740096E-6,9.963562980712279E-5,0.01823332025470349,3.336697606610729
7.875150957442885E-9,7.866674210115783E-6,-2.966448309321354E-4,0.04826276026572623,8.832085128627904
8.151658466706695E-9,7.775843339369795E-6,-2.750504758858114E-4,0.049957332941651916,9.142191928322296
6.415486474220725E-9,7.992011900484781E-6,2.1484822653517765E-4,-0.019020570917719193,7.195052258436574
4.0892987900721936E-9,8.043615170429256E-6,1.3694652718072752E-4,0.025061214474073154,4.5862022487553915
1.554287141093478E-8,7.555034013369849E-6,1.096916563861146E-4,-0.012230639183106365,3.37074266738136
1.5800774475247222E-8,7.514017889258158E-6,1.2602165689144432E-4,-0.008637320197219259,3.923286813749195
9.46142967731436E-9,7.425495469660408E-6,-1.7972995498595642E-4,0.0579842487788353,10.611117526526858
8.770319484865036E-9,7.531050669885836E-6,-9.390515931620891E-5,0.05374878894884193,9.836028377638083
5.8953814623988195E-9,7.737582867214196E-6,1.9743042979427389E-4,0.03612976865235215,6.611747663380445
1.3178834146125375E-8,7.499617903102283E-6,1.0855615207641526E-4,0.037231944843297275,3.3902160395878793
8.683698916046469E-9,7.491512821407592E-6,2.908083929994803E-4,0.00271428548738524,9.738882273159597
7.664428265180804E-9,6.968748017814996E-6,2.5667403817264005E-4,0.04697134898559311,8.595756864363532
8.05110755186941E-9,6.862832466842203E-6,2.6962354080455514E-4,0.04934110796723357,9.029422758003738
1.224919589038932E-8,6.576509671940981E-6,1.266748551011248E-4,0.03797755460951167,13.73763391277091
1.5450981215998174E-8,6.449161681890741E-6,2.015919775327974E-4,0.053373307712963114,6.518378147388781
1.3615662866192643E-8,6.280715984363985E-6,4.559749337259254E-4,0.04021557949707381,3.9603249314249416
1.0904281326535145E-8,6.35833018019284E-6,3.6517347734433517E-4,0.029496196609697146,12.229294582784442
1.1222030768539432E-8,6.261693999089252E-6,3.7581458840761704E-4,0.0327679267937739,12.58565475118269
1.2644411904776202E-8,6.154426576835801E-6,2.2248858895000656E-4,0.05120223310923669,14.180873858535115
1.0131827496397467E-8,6.170590355377033E-6,3.393047710268548E-4,0.062092773097914444,11.36297747691834
-4.24031618239176E-8,3.514379538184424E-6,0.0015296502195462714,0.12600058087742372,53.39997720829366
3.053446441030228E-8,2.7581171493992458E-6,5.047354383400618E-4,0.09236658521623131,16.903085094570333
-4.616145084944221E-9,-8.447545505447934E-7,0.0020418028388400934,0.25903424357211985,-5.177067281204609
3.10965166355906E-8,-6.42727880237445E-6,0.0010413912456092931,0.19057459794650072,34.875151424209626
3.051713639539576E-8,-5.711275153415853E-6,0.001021988380745409,0.18702387367641005,34.22536888278302
-6.328876934431994E-10,-1.1581844790010371E-7,0.001815144837653148,0.2363447049064072,-0.7097918523159734
-8.518278103759637E-9,-1.5588448929880186E-6,0.0013469536709970662,0.16131729708854542,46.31085780149563
1.8086048373804278E-8,-2.712422490540701E-6,6.05683673990332E-4,0.3169540629932727,20.2837405582622
2.8422450348055307E-8,-4.231578758971279E-6,9.518394397060241E-4,0.17418661746620243,31.87615099631504
2.02069866925857E-8,-3.003976502515598E-6,0.001553424372455149,0.12383825525468453,22.662400711607255
1.2861843703491884E-8,-2.860718549252438E-6,0.0011128640549924788,0.1680579304638417,37.77134435350889
2.7319115221360813E-8,-3.2100307560889736E-6,9.148898496481523E-4,0.16742484248561182,30.638746174866988
1.6984006087751313E-8,-2.1380239741188807E-6,0.0012550529477866556,0.19386236400838586,19.047785674556977
2.58841444100889E-8,-2.226315584346958E-6,8.668341121494672E-4,0.1586306425233525,29.0294075817735
1.630579468362085E-8,-2.573936986446971E-6,0.0010307742021242626,0.16333779827810907,34.8767623344132
2.636603508438481E-8,-2.726282785964486E-6,8.829721489409632E-4,0.16158390325619634,29.56985429588393
2.1515540978430314E-8,-1.862235011558824E-6,0.0012263206744474102,0.1318577131842774,24.129961512722762
2.1398032980718123E-8,-1.6924976328007932E-6,0.001205707112357852,0.13113756694790224,23.998174751466117
2.2328425447399705E-8,-7.26472568893027E-7,7.477566398079691E-4,0.17801809487830722,25.04162211052909
1.2492870761481536E-8,7.923052800497852E-6,4.1837374893125576E-4,0.0765623960544198,14.01091847795883
2.1371544474536168E-8,7.588280191354349E-6,3.95011957995895E-4,0.04706966933443834,12.992243308865634
2.126001102816487E-8,7.140775362338478E-6,4.2852410071963945E-4,0.05613125033337447,14.141977651659634
1.697080289382434E-8,6.962043085061564E-6,2.3201616612882934E-4,0.10400534491436472,19.032978119328746
1.6587926036721977E-8,6.971403864695816E-6,2.980785727160749E-4,0.10165888907301215,18.603576700361224
1.471487746473007E-8,6.960111698737178E-6,4.927865314163457E-4,0.09017993524919124,16.50292815060199
1.9361723553563665E-8,6.747069673472422E-6,4.3884510149289286E-4,0.09124422966357396,14.54206657520411
1.6508246659393752E-8,6.601200596633486E-6,5.528446723764378E-4,0.07053678830325591,18.51421523321454
6.952763535071322E-9,1.2706259135971855E-5,2.3284109802600383E-4,0.042609920938758705,7.797615531792834
6.8504134197336405E-9,1.2848077200338532E-5,2.2941349501346022E-4,0.04198266958746319,7.6828285345057665
1.544864532938496E-8,1.254653456250703E-5,-1.1837092964050056E-4,0.011512827922999208,17.325858438580592
2.2426076502927033E-8,1.258291141128454E-5,1.1570620945806627E-5,0.04070490844306747,-0.15739038228240787
1.793362137006662E-8,1.2526027925191173E-5,6.005790460621613E-4,0.004442669980055602,-7.479866930348326
1.0729868592318417E-8,1.2965930407811606E-5,3.593325692881509E-4,-0.028383497995733392,12.033688412890909
1.1026724844396076E-8,1.2715161529379376E-5,3.6927398831398E-4,-0.02395369551156594,12.366616594646871
1.425511342622241E-8,1.2577936197679338E-5,-4.4267112731666194E-5,0.019121034788307192,15.987296748851655
7.409150473449076E-9,1.2752316520650714E-5,2.481250402053356E-4,0.045406882357576436,8.309459471436483
8.087613173652401E-8,3.573568402067565E-6,-2.2882898787503192E-4,0.1114026309685782,-9.827637906220893
4.671178370457521E-8,2.6415565054173263E-6,4.8340484049137067E-4,0.08846308580992085,16.188744703215505
4.362534752431055E-8,7.983438596948832E-6,-7.266590383694471E-4,-0.018820297454333487,48.92639965669916
8.195897580643504E-9,1.3454380424069896E-5,2.744724140781704E-4,0.05022845177630529,9.191806675063841
9.109835920726581E-9,1.2944923916619565E-5,3.0507929514921294E-4,0.055829511012305974,10.216800515251988
4.060369872544267E-8,7.430476866756011E-6,-4.900627884516411E-4,0.006849811649495316,45.53758088171495
4.880319750518358E-8,8.930985143448596E-6,-1.767645162944082E-5,0.08297494491646482,-1.809300928730396
2.172629695146311E-8,1.0143203124868885E-5,7.275919586075479E-4,-0.07793152893192805,24.36632710180819
1.105987847272417E-8,1.1508168630781919E-5,3.7038427017305924E-4,0.0677803214416699,12.403798823825607
1.933890414416283E-8,9.42669325983875E-6,-1.225637669950049E-4,0.11851822264174802,21.688834743439884
2.5940458707725653E-8,9.443140478934565E-6,2.5440139848057787E-4,0.07861280938715785,8.066978978636824
1.2273100451433939E-8,1.0241639844422941E-5,4.1101386101807076E-4,0.07521553656630696,13.764443191634175
2.2056643375910415E-8,8.66489134001013E-6,1.331678444975206E-4,0.05596620763460707,24.7368149513013
1.418637398810322E-8,8.998739071475075E-6,4.750874784875887E-4,0.08694100856322881,15.91020456707087
2.2901891533308352E-8,8.547545912342042E-6,3.870270171185146E-4,0.09065228799806303,12.681187664057084
1.5353563773690028E-8,8.536133516357581E-6,5.141754972171049E-4,0.09409411599073025,17.219223226303633
1.9295894378960498E-8,7.959649005680684E-6,2.5998654098094627E-4,0.11825463785483256,21.640598727434348
1.9644579498056934E-8,7.747230860222466E-6,2.9575371811334114E-4,0.12039155007430857,22.031653663598462
1.8698403005250353E-8,7.746223546533213E-6,6.26190818242829E-4,0.07759120269348824,20.970504312134096
1.717256752971806E-8,7.610844369360752E-6,5.750921140027284E-4,0.10524185686249925,19.259259805837374
2.791310266875968E-8,1.359959224344407E-5,1.9423070307216764E-4,-0.02268740438085884,5.9589062879699455
2.7740215436300174E-8,1.355657511734817E-5,1.8943323509441293E-4,-0.023487309548783364,5.798975112018525
1.5547988742046103E-8,1.3497418826378748E-5,-4.0829624927496834E-4,0.09528564688177571,17.437273379364957
1.3617667078727366E-8,1.3827147171318394E-5,-2.8536739243091526E-4,0.08345569566230858,15.272392306202486
7.294152457575613E-9,1.431751685459803E-5,2.442738716517496E-4,0.04470211851227017,8.18048768774545
2.1289560518386066E-8,1.4074707372712859E-5,4.719445092652287E-5,0.043378941378051636,1.089911620440823
1.1080562060078708E-8,1.4949777942411004E-5,3.710769428299756E-4,-0.04265987425274151,12.42699573843306
7.727407272753919E-9,1.4117067326895026E-5,2.587831421572553E-4,0.047357315014777704,8.666388647704329
7.984595612045975E-9,1.3975924768403643E-5,2.673961224518083E-4,0.048933490408680974,8.954828744788621
1.7387967674433698E-8,1.3411858772786252E-5,-8.681115639591348E-5,0.019030477947062294,19.500833894401246
2.4660780333369392E-8,1.3217164949240416E-5,6.675975460972237E-5,0.05182986818350559,1.6763599696009948
2.0063971374899003E-8,1.2915757461170278E-5,6.719223373739922E-4,0.017499912833536566,-5.090279786837218
1.303668561403155E-8,1.3223389276741117E-5,4.3658556452830303E-4,-0.012837047054453113,14.620813970488339
1.3161751853538409E-8,1.3106321857349559E-5,4.4077390782314765E-4,-0.010873063947902412,14.761077399089398
1.6339881209331724E-8,1.2978507040835811E-5,2.4552418198033337E-5,0.03176704942132057,18.325391171846864
9.488771971019744E-9,1.3132385108608745E-5,3.1776948453747945E-4,0.05815181567035877,10.64178226767566
8.409699769401188E-8,4.249522936555231E-6,-9.832473394776476E-5,0.13410343770944694,-5.440497842407012
6.174230259305326E-8,2.758117149399246E-6,5.047354383400617E-4,0.09236658521623131,16.90308509457033
6.880986462044455E-10,1.2592205225541377E-7,0.0021934234886443055,0.28813828310387424,0.7717116602606335
3.49345237602554E-8,-5.7012977777831495E-6,0.001169922266207192,0.21409577471591623,39.17952677301267
3.327974907686275E-8,-5.416459399058343E-6,0.0011145055168350572,0.20395450958081546,37.32367525328922
7.701906895909619E-10,1.4094489619514285E-7,0.0018992595579075773,0.24980027695179866,0.8637789640482918
-8.021199649109267E-9,-1.4678795357869969E-6,0.0014122898263409004,0.1707330206907443,48.53477785786996
1.8805784742739753E-8,-2.884421039909663E-6,6.297869252496109E-4,0.3317597056516531,21.090934339684203
2.954845566448998E-8,-5.137400856136372E-6,9.895482317481051E-4,0.18108732640990327,33.13898073301229
1.931495343021103E-8,-3.356737227000568E-6,0.0015483432176027576,0.11837144100265375,21.661973703485636
1.0576007240288545E-8,-3.6638288772888078E-6,0.001086652125827598,0.1606343062983339,36.9306256624789
2.5478810636717113E-8,-4.18573506359418E-6,8.532598894130198E-4,0.15614655976258263,28.57482043655261
1.398541181758209E-8,-3.2353281784210344E-6,0.0012263938621435394,0.1848730129250975,15.684822856006791
2.4080242624815944E-8,-3.9631951796773214E-6,8.064232452624612E-4,0.14757545388303034,27.00630806059455
1.2815153389385202E-8,-3.493724551440878E-6,9.383824074119568E-4,0.14515127348108717,31.80071133240512
2.3290552282953913E-8,-3.699627022649063E-6,7.799773054038442E-4,0.14273584688890345,26.12065998066933
1.8104534801499427E-8,-3.112695377451462E-6,0.0011667050098932187,0.11095340617203685,20.30447332948273
-2.484412084763971E-7,-5.4450784523009784E-5,0.0070504353694008665,1.1722509233360916,242.60614204516278
-6.820241341438932E-8,-6.373750057166968E-5,0.002166048798849218,0.9216218087165904,306.8178368833674
-6.057417683322828E-8,-6.4692869446758E-5,0.0017635997334905689,0.9766727904791048,307.52092228594216
-8.637197478454402E-8,-6.167996865941085E-5,0.0037457808808331163,1.2090617374820072,209.08052612881716
-7.3757767363617E-8,-6.022140431899807E-5,0.004307187804034139,0.8149887618540055,239.30913248519383
-8.218460002388057E-8,-5.925208905666213E-5,0.0035746147975020447,1.129442732917489,209.8075606091593
-3.788371901260238E-8,-5.5868450012711896E-5,-3.1233360373069286E-4,1.350339481309895,229.1328634426825
-3.799296809547719E-8,-5.7533433880955245E-5,0.0021321493180029042,1.0511742919992533,212.34316079223387
-2.6183505182967503E-8,-6.0081012787096695E-5,0.0026952692579271533,1.030646340677195,199.60978881546703
-1.651588041436682E-7,-5.1579420608949134E-5,0.0032016659279800923,1.0216629368610173,288.055757766669
-6.769841231102824E-8,-1.0228319817522514E-4,0.004531680468316754,1.4990127812001421,357.594212758982
-1.316616437339293E-7,-1.1106282194997023E-4,0.0071641069018596615,1.470446816324816,400.20586896900727
-2.2715750500776732E-7,-1.0590639216417413E-4,0.008491996781503511,1.4530722231961142,434.4144638433078
-3.2135949862817503E-7,-9.353011238217901E-5,0.007972621442272461,1.6548817741178317,444.6775788774679
-3.106747634954089E-7,-1.0451404720284119E-4,0.006350754648177681,1.9987248128045447,491.40083097670794
-3.712580860140763E-7,-9.563684272072903E-5,0.008785063679043333,2.1213277632476633,400.98307476445177
-3.207941050283541E-7,-8.797542842947993E-5,0.006845222328104443,1.1322483533647005,543.39905907571
-3.3720775736197424E-7,-8.751858580752822E-5,0.006910866368305296,1.6831163308710844,456.0002383157656
-3.834600865976589E-7,-7.888132106240386E-5,0.0077852234209734245,1.9845781306122965,370.4906150349001
1.0210829861902935E-8,4.01584776605498E-6,9.181472470928503E-4,-0.011376696528926138,11.96046194050867
1.3575608458928783E-8,2.5273471196742487E-6,4.646251995068368E-4,0.08652258999088475,15.901797453121493
1.3792539644048064E-8,2.551619834148895E-6,4.720496693175455E-4,0.08675424299481153,16.232765248780794
1.3198534792625253E-8,2.4352526988566937E-6,4.5171985327759924E-4,0.08379967753073504,15.491062163897027
1.2648568622044879E-8,2.338545808394096E-6,4.3328212834938554E-4,0.08013744674675044,14.822787644232267
1.2231165688394263E-8,2.262709185707524E-6,4.186267438957575E-4,0.07744719145375688,14.327523286050583
1.1924475793607767E-8,2.2062050135301973E-6,4.0806785949427834E-4,0.07548865527757564,13.965204623356566
2.6809302945546984E-8,8.4063095877213E-6,-4.0101447914872145E-6,-0.0766624610387249,-1.539660437553195
2.6044546152996686E-8,8.139467575708E-6,3.3356995656967474E-6,-0.0725420371555797,-1.2372392470499225
2.4072982233471484E-8,8.23022060925925E-6,-1.8593190351173284E-4,0.017415540733692274,-7.900262321269178
2.6490579613719572E-8,7.678588683245044E-6,1.6389570026905013E-4,-0.030868667020739392,-8.796328001565564
-9.493772542502936E-9,-1.7563479203630457E-6,0.0010218289222035395,0.11993833329934356,37.021562750330844
-6.280762758007695E-9,-1.161941110231426E-6,5.480755510175895E-4,0.26626609420130665,19.91905982554161
-1.805934358897502E-8,3.3618148748083364E-6,0.0011741307269318559,0.12525831930969977,10.879080144421659
-1.9378778465839285E-8,2.87485639124396E-6,0.0010640356678980113,0.10822258008336637,23.609033620255147
-1.804630857084323E-8,2.3382064474000864E-6,9.002367623436193E-4,0.0886639399897067,33.120476336574384
-1.3191026409245819E-8,3.4028342098716026E-6,3.2971928294550185E-4,0.22979139265770826,12.47343313793384
3.7021975182781485E-8,-1.936655539759965E-6,9.250171209568246E-5,0.07737862817679272,22.37206729279614
4.070547766366229E-8,-2.662907530402304E-7,3.324030148281194E-6,0.07192470372144583,10.419164700004902
4.197356392112231E-8,8.034490237139462E-7,1.955930177761076E-4,0.016903898112680893,4.805709558509829
4.0410730080026684E-8,3.9609065118448926E-7,1.210291833109976E-4,0.0027821310082224576,13.500050559408397
4.162926093839274E-8,-2.408878775693574E-7,3.6294404585531144E-4,-0.020330856094358384,10.80590300110261
3.481678279503194E-8,-1.7224931817427113E-6,4.640024601450244E-4,0.02589856166938747,14.773231068530187
2.7008667491032203E-8,-1.5241093134034943E-6,9.243716448805778E-4,0.05446149763724993,0.4738862696150479
1.4431201317629072E-8,-1.717809733187347E-6,4.939078650958557E-4,0.012951981975447637,37.87241702062321
1.143628027264555E-8,-2.7292137449828174E-6,3.914066923312935E-4,0.1301404080059754,28.831949245604
9.141281326941005E-10,-2.026200080627757E-6,6.182752095418796E-4,0.16273873284293106,22.05373990343034
7.858328113097593E-10,-2.017072230473221E-6,6.050974386065705E-4,0.15957695868669575,21.589358982945154
-5.614423786660758E-9,-1.0386684005322404E-6,7.71211845831667E-4,0.09324526241017762,27.86075983003881
4.772425005518795E-10,-2.0265319452551087E-6,5.818006275025828E-4,0.15421787816457155,20.772645232713366
-6.073645191785719E-9,-1.1236243604803555E-6,6.434809008875259E-4,0.13227150660026696,23.318706962261214
-7.920782835815119E-10,-1.371223091832616E-6,3.003518055544966E-4,0.17009957511310544,22.48353148194126
-5.621853555424956E-9,-1.040042907753617E-6,7.563995760032755E-4,0.1335344125473283,16.026049962695783
-8.913457142612704E-9,-4.67483490721505E-7,6.426801857937276E-4,0.11250350355326127,23.43799008185983
-5.3788947677465215E-9,-9.95095532033108E-7,8.26038601271594E-4,0.10098872602761003,17.772058052390058
-8.483595341903504E-9,-2.93877240630625E-7,7.328597883943671E-4,0.12867771691302315,14.447066668840744
9.257654382240343E-9,-1.600483150724683E-6,-5.690359331545803E-4,0.17705042584547875,10.843959246671218
1.5820144311971305E-8,-2.3769307780163974E-6,5.41444439077218E-4,-0.08942147808051493,18.530935927417765
2.741214982781954E-9,5.071247718146596E-7,9.381808278571206E-5,0.17221111724710603,-17.491828340737616
6.907877834679341E-9,4.574021705252968E-6,2.364221188919005E-4,-0.07408560748872346,-7.6604690544813066
1.1131260836321877E-8,4.6411651768394965E-6,-3.093834477562216E-4,-0.021815006533474783,0.6996979076794705
-1.8477273956607215E-9,-2.0178449113818623E-6,3.8489922613737035E-4,0.10812520064007722,13.855144884708308
-1.0790232753165553E-9,-1.5650629127785717E-6,3.281665803106531E-4,0.090788465184609,18.31260544943513
4.271270594144032E-10,-1.3104297058852732E-6,3.861329943232094E-4,0.1020410191700051,13.780766738286673
1.3685218309304459E-9,-1.0183596816181213E-6,3.868245904537914E-4,0.09957162880569066,13.756458351233604
2.887744592547162E-9,-8.324228608028622E-7,4.6425327951402323E-4,0.06713765905128233,16.445159213522434
1.994105525906522E-9,-6.331653490153246E-7,3.3618585905006754E-4,0.08426783677470222,16.702657969564125
-8.234577082317413E-10,-1.5233967602287115E-7,4.550452119634583E-4,0.05938961240314722,16.309291198953265
2.2836339402814728E-10,4.224722789520611E-8,2.7791472267704677E-4,0.10977565097588454,9.922663754973247
-3.948699862352708E-9,1.6085943316859968E-6,4.902919016478707E-4,0.05861375224029131,6.553353573253785
-4.268845407112961E-9,1.4109348472176955E-6,4.423204334949748E-4,0.05163819190237459,10.775322045330597
-3.667458765308456E-9,1.2336625880573858E-6,3.857552525163824E-4,0.04513197027900614,13.980522261426675
-1.3419181013464102E-9,1.6456636571470032E-6,2.072734813575663E-4,0.09305572201453484,7.479251617739523
7.1270779462971E-9,1.3340764346147455E-6,2.4600541877829285E-4,0.0454042202566775,8.385504882691114
7.326326862632024E-9,1.373093645628492E-6,2.53902785311199E-4,0.046809918687930774,8.666397278622783
7.522378321659634E-9,1.4114407165297313E-6,2.609829807793835E-4,0.04833669095696374,8.937513780427189
7.72647275445995E-9,1.451105579185949E-6,2.6830811540515026E-4,0.049697123521296134,9.154152615254265
7.207939461521402E-9,1.5463821367886234E-6,2.7515641142422323E-4,0.05324893678507715,9.460545286670115
7.823886865192527E-9,1.4683887061687464E-6,2.6964150138777856E-4,0.050037649044107166,9.231324559246556
7.673842295885667E-9,1.4379095809107693E-6,2.626372525766869E-4,0.04891405890117822,9.075971465897732
7.578925062896622E-9,1.4183124868246783E-6,2.593887102776367E-4,0.04827666321984044,8.800103953100587
7.482818270729718E-9,1.3988668243162228E-6,2.560994553157245E-4,0.04720508161468397,8.718661705830165
7.447382576923632E-9,1.3908977873425499E-6,2.5137539476408093E-4,0.04621517940945052,8.59797948457457
7.34712014767307E-9,1.3710511944972095E-6,2.482909876271068E-4,0.045673157062907296,8.492943822811776
2.339190674813283E-8,4.327502748404573E-6,-1.6775369744753465E-4,0.018649817171533356,-7.21497741326717
1.7324918711251585E-8,5.3056484929724936E-6,3.1297442604654406E-5,-0.04048010677857832,0.2164480667912887
2.4093057574380355E-8,4.457215651260363E-6,-2.6836297508678065E-5,-0.01819333923881277,-2.214151609963478
1.9020402382845098E-8,4.743505154881389E-6,3.235013286737016E-4,-0.05469068296646295,-1.1325775350996112
2.416210256691761E-8,4.469988974879757E-6,-1.323401283780258E-4,-0.01801272544313083,5.441317740886861
2.7533215478816106E-8,3.912138268128997E-6,-5.419369675269993E-6,0.005389750213834955,-1.6277392786083036
2.3826706654286707E-8,4.407940731043041E-6,-1.9882075690990663E-4,0.015259942862010729,3.7376955133888052
2.6682095928428314E-8,3.65784924144646E-6,-1.12222501482271E-4,-0.013844937155212983,6.81717733418017
9.826797943901613E-9,-1.495191591817345E-6,-5.495569947567227E-4,0.18065402944908235,11.51062591333789
1.6238673424454565E-8,-2.2129655484157536E-6,5.557685979519575E-4,-0.08367807693405828,19.021180264905755
3.4653615827474594E-9,6.41091892808279E-7,1.1860200016953171E-4,0.1574787569040819,-14.061030394661811
7.309824324494025E-9,4.454879419023364E-6,2.501787375058082E-4,-0.0646235449784312,-6.264893551625502
1.0512871599390308E-8,4.370430983265054E-6,-2.887472801495918E-4,-0.02014204241267583,0.722464716558607
1.2428821163787569E-8,4.158839609943629E-6,-7.182399292838767E-5,-0.05424820579406683,-3.214807871830539
1.238606365739756E-8,3.9028104885022025E-6,-6.944617139771071E-6,-0.03678001882016054,-8.594239528973496
1.130886844297324E-8,3.8137275952423593E-6,-7.3276733726188E-5,-0.0514788790517773,-3.2084081137421623
1.0853355200410889E-8,3.6675370514251503E-6,-7.23101718926888E-5,-0.04993609386650757,-3.150132110818329
9.560141420291845E-9,3.6568082182427684E-6,-1.7767158839913203E-4,-0.006965206066883449,-6.849109393911559
1.0572264701137274E-8,3.3540745001371766E-6,-1.202036778214373E-5,-0.03302308726702459,-7.662402590530235
1.4377222631304157E-8,2.659786186791271E-6,-1.2749101698962615E-4,0.008202476104602258,-5.306203688060145
-2.483043724552637E-9,-4.5936308904223887E-7,2.3014095258166336E-4,0.11066605906773819,8.35612349656403
-6.8605171826334325E-9,1.5536724504640718E-6,5.199852191401853E-4,0.057470235763718576,5.454522545486341
-4.004776020066496E-9,1.4325673712484671E-6,4.4407996453378943E-4,0.05233714159545762,10.889509530780224
-2.0985833894052596E-9,1.3705217867644605E-6,3.9843810228632956E-4,0.04958256091402602,14.35218151777989
7.918650232329596E-9,1.4945833719875358E-6,2.7497749220538467E-4,0.05172685469837106,9.417133504979395
8.631879702718091E-9,1.636805624039106E-6,3.007614232943391E-4,0.05536711449282055,10.206318316916965
-2.0115893478253445E-8,4.269790879901892E-6,7.360121233572378E-4,0.06307425017484362,14.627631847312596
-2.0509594101591424E-8,3.2291861433403084E-6,5.500276549423608E-4,0.12120708788595094,20.72992240526513
-1.8423604699277307E-8,3.710107092911057E-6,6.383571883283939E-4,0.1378111965314306,12.4389556205522
-1.6725509259887254E-8,4.1603234059992455E-6,3.974394500255061E-4,0.15342691698029748,15.07829803583911
-1.2323903922106889E-8,5.901374952969872E-6,3.073938047664231E-4,0.11693970503021087,11.630206690567874
-4.4579134741785015E-9,5.7099864355131186E-6,-1.5257208865375875E-4,0.08857142664230058,26.007800950630532
8.183721978274108E-9,5.904995819250383E-6,2.8008788470643093E-4,0.13029845304472787,-11.398782008824398
1.1255741877988132E-8,6.9289953197442266E-6,3.8522776577414345E-4,0.013516025361100255,-2.25723428267726
2.1837032625573307E-8,6.236304562332867E-6,1.600785201419119E-4,-0.01876839878846183,4.584952735417003
2.176952472366238E-8,6.190213767448443E-6,1.6675261481996883E-4,-0.016793518559052617,4.827046176087819
2.804774049450148E-8,5.1888319914827765E-6,-3.4742910210272104E-6,0.04878837659495586,-1.5850070113105383
2.1357236211379606E-8,6.051147487540667E-6,1.6943178406725784E-4,-0.014914685951016061,4.944291110249991
2.7430059470238497E-8,5.07456100199412E-6,8.748055118686218E-5,0.0029569551376979405,1.69850682665348
2.171465987119803E-8,5.241856347485583E-6,4.1573540451581557E-4,-0.03761929469672015,2.0249951103197574
2.7524642175004083E-8,5.092058802375755E-6,-9.830191080285484E-5,-0.011169025571086129,7.448638998693902
2.9029635941976277E-8,4.189033026383701E-6,4.584132113445141E-5,0.014872669773564617,0.12672741058987746
2.5450986956645743E-8,4.708432586979459E-6,-1.5908944487949583E-4,0.023423973533377607,5.262342190258246
2.855459198104162E-8,4.0071389386145425E-6,-4.582779908666033E-5,-0.0015774877321729566,9.065541652276995
3.243014842916472E-8,-6.262452613336181E-7,-6.617092842067839E-4,0.4421873935607866,37.98707463134488
4.4091339082045093E-8,-2.499627357758008E-6,0.0015090260800829937,-0.10176667793374358,51.64641759084047
1.6502270973404325E-8,3.052920130079801E-6,5.647902240647634E-4,0.4158428617352599,-22.29576567687264
2.3966901332375712E-8,1.1049603648425271E-5,8.202671981005585E-4,-0.08474153030854309,-3.543164414474541
2.9706790970294315E-8,1.0659467222635236E-5,-3.6397262058387346E-4,0.003506201356658162,10.119498365184866
3.2823133086837634E-8,9.820307031803618E-6,1.2121361948662357E-4,-0.060136084100268467,2.6234677383781975
3.35975660855636E-8,9.444528520506018E-6,2.865032676548845E-4,-0.018124027018769195,-6.9397055968021295
3.2233449808295274E-8,9.40972435600027E-6,1.816452928009257E-4,-0.04231505080084247,4.81441823609264
3.198329430949936E-8,9.237982396506381E-6,2.066304220547477E-4,-0.03492913029392289,5.72058512499549
2.999561719838246E-8,9.327000406231327E-6,1.6478208305586756E-5,0.054876397113523476,-0.973220711617703
3.210263929358729E-8,8.735117736615913E-6,3.5107586874162183E-4,0.003356600134361065,-2.484979072332587
3.964155399385285E-8,7.333687488862783E-6,-5.336775429227222E-6,0.06889853951829705,-2.2554261769259263
3.417995729806333E-8,6.323292100141719E-6,4.930239079191277E-4,-0.055026395392504986,15.843822323072732
4.457056253865547E-8,2.3258724151991608E-6,-5.739362698657278E-5,0.0705945053390054,23.917373599810993
4.527949064209795E-8,2.784923158354545E-6,5.454400595948037E-5,0.08680450861122715,12.953148547140064
4.354075667174437E-8,3.198731447962905E-6,1.916889622841768E-4,0.10208633015609006,4.584527928032811
3.910224404147756E-8,2.1795777839637467E-6,6.625528325033149E-4,-0.023433714670035875,21.647568429163016
3.77643074737485E-8,-3.957173653379734E-7,3.0555818837824214E-4,0.10716601078963645,26.595543460086336
4.126751849077931E-8,9.400469279939401E-7,2.1906131173448474E-4,0.10175388855222496,16.345732350225845
4.174886285189072E-8,1.8523049474324447E-6,3.8227667001883905E-4,0.0544603845951883,11.490752911106922
4.014933245366436E-8,1.5016854417927224E-6,3.177810446247005E-4,0.04237718070639267,18.708649030251955
3.8729530553787255E-8,1.1518632291041112E-6,5.216183985294042E-4,0.03027187849835408,16.62902769076475
3.520560477884086E-8,-2.784428711136745E-7,5.99603504228501E-4,0.06105964650643931,19.60028128956234
2.860955202005433E-8,-1.2749972237742104E-7,9.791619178863601E-4,0.08426640015456768,7.608156225229846
1.8549024043899415E-8,-9.517961884430034E-8,6.348403479024578E-4,0.0544104954317723,38.581878185363905
1.6486569191020384E-8,-7.299569816293287E-7,5.642528305626732E-4,0.14942739148211798,31.35464019760203
8.973452440376478E-9,7.229480624850182E-9,7.490625569079255E-4,0.174985339602572,26.309212678646343
9.653233989466406E-9,2.185089617696511E-7,7.494615304925261E-4,0.17317533902007076,26.28806959494939
5.452838073410305E-9,1.0087750435809079E-6,8.714700176920933E-4,0.12608343551577111,30.86825015050335
1.0242247512984747E-8,4.380320827596582E-7,7.400598459518461E-4,0.1690007360497346,25.921311977069
5.771397667972844E-9,1.0677085685749724E-6,7.833620155527214E-4,0.15402416980316042,27.702080850894202
9.409565836225884E-9,9.029819321095496E-7,5.460524349740835E-4,0.17937071359632772,27.03717824720502
6.219774203621851E-9,1.1506582276700425E-6,8.562874421494848E-4,0.15407347214823014,22.618897143468526
4.066327024824087E-9,1.5462553471432441E-6,7.76063747286146E-4,0.1392760778948344,27.529996534505663
6.284672044701129E-9,1.1626643282697083E-6,8.950402321342409E-4,0.1306953015464124,23.565508214157973
4.097350067634148E-9,1.6155805880177622E-6,8.281309037895563E-4,0.14856448109922635,21.192887299075327
2.935741013816521E-8,-1.1951224269590493E-6,-7.669862085582785E-4,0.4227470014255458,34.38782071372118
4.10443054194536E-8,-3.0642107117011415E-6,0.0014047413529808006,-0.12109088562841909,48.07727280576792
1.3194000633339363E-8,2.4408901171677827E-6,4.515646716760397E-4,0.394910218977697,-26.172793175211318
2.0367722971898605E-8,1.0390002381629532E-5,6.970853187132293E-4,-0.10775347850068649,-7.788917595100855
2.6321358641046528E-8,1.0024180841015901E-5,-4.774375698707511E-4,-0.017608030421983195,6.19689254435701
2.9925986082115624E-8,9.427613144054294E-6,-1.6251393746487947E-5,-0.08872321002908248,-2.139572131532793
2.9599138764256636E-8,8.787065030207628E-6,1.276660423268436E-4,-0.04932059827440061,-12.80242993073427
2.7214391323430105E-8,8.471764818894212E-6,1.2390430048760364E-5,-0.0734193968592526,-0.9744908719672427
2.630545057709319E-8,8.177671540300933E-6,1.4955921339985948E-5,-0.07017062310327885,-0.8354423887828144
2.381752625638915E-8,8.174388186094898E-6,-1.923825934531119E-4,0.01610454887331273,-8.117548812455219
2.5914826550145006E-8,7.580399964678316E-6,1.4196442980720218E-4,-0.03510934623605887,-9.590101759115909
3.328897401844588E-8,6.158460193412493E-6,-2.2368962900807062E-4,0.02855127638939967,-9.72997668229198
2.984705218047233E-8,5.521704653387387E-6,2.579431828003216E-4,-0.1172687730190226,7.666113347392528
4.222009352991619E-8,1.0421859679690658E-6,-3.6480624380279367E-4,0.02536857064176043,17.107465504788593
4.350495271172378E-8,1.5713645479358612E-6,-2.4289529469331085E-4,0.04392327664168205,4.528440676869832
4.215022553978827E-8,2.0930604033527506E-6,-8.27556362024192E-5,0.06295362225621455,-5.153560788957913
3.746391508637514E-8,9.677794831466422E-7,4.8499464794026664E-4,-0.0825320526133024,15.385763513627218
3.6128685839898357E-8,-2.1010477441743485E-6,6.204470441187494E-5,0.07173813919004196,21.327782360342702
4.064053722100559E-8,-4.7270579545726216E-7,-3.35515580458458E-5,0.0668807166839819,9.41404664558385
4.183878976708506E-8,7.167216105596078E-7,1.7996523531172893E-4,0.013841614967761554,4.254086042042028
4.042336260747099E-8,3.598062712678097E-7,1.145770663063836E-4,0.0014815246726918446,13.330274557883342
3.9396587157971025E-8,3.211449832615655E-8,3.7824937728282617E-4,-0.009943334248814995,11.469303873631281
3.564943826480997E-8,-1.5864310871568374E-6,4.908976534897612E-4,0.030742158915169703,15.691280492699029
2.793943648317349E-8,-1.366476347431788E-6,9.562272136366128E-4,0.06009455382279384,1.494563676113076
1.548717337175721E-8,-1.5261388617148544E-6,5.300485086483903E-4,0.01957215619716067,39.12693632351494
1.2527152283903835E-8,-2.52939058419655E-6,4.287417869166091E-4,0.1370710906285393,30.11607718984505
2.0017688072919125E-9,-1.8264006773859535E-6,6.55877823429597E-4,0.1697263663256499,23.3412647683038
2.055444834970102E-9,-1.7829259742689515E-6,6.487456258250739E-4,0.16766799693265438,23.08351602757366
-4.140830465169857E-9,-7.660536360564265E-7,8.218207167606371E-4,0.10259891737053355,29.593114962109922
2.1938169244293757E-9,-1.6945992016046051E-6,6.367090386062342E-4,0.1640594731211124,22.646039899161146
-4.262869329991232E-9,-7.886308260483787E-7,7.055092845756471E-4,0.14374760559517447,25.44171145269269
1.0553144890588328E-9,-1.0303883289692316E-6,3.6382826464396827E-4,0.18192996608786835,24.665309619870186
-3.689036284726871E-9,-6.824717126744747E-7,8.225036255629054E-4,0.1457639761683669,18.288945634223523
-7.027115133224893E-9,-1.1645279403721369E-7,7.08890601271973E-4,0.12474129908096579,25.70655304370687
-3.4353220557479804E-9,-6.35534580313378E-7,8.924604375892457E-4,0.11328173958865208,20.04635297376085
-6.5640473624269695E-9,6.125909440378442E-8,7.98572327937253E-4,0.14083442874471153,16.695911930358026
1.221648990733965E-8,-6.204435250492851E-7,-3.5208526225232535E-4,0.18031863599102166,14.309793088268501
1.800684387665635E-8,-1.1849665874082217E-6,6.162842316785641E-4,-0.04742821307350264,21.092327829198876
6.595713300495E-9,1.2202069605915746E-6,2.2573828770944122E-4,0.18297643606406933,-11.153319362419705
9.90014808317479E-9,4.528732547581251E-6,3.3883256814665777E-4,-0.03373238543899748,-1.2935008666699788
1.2581533626918097E-8,4.374266730562124E-6,-1.1664487101680174E-4,0.00649921696030457,4.9562117076492385
1.3914901706095521E-8,4.0351740980391784E-6,8.561333909007395E-5,-0.01634225017178964,2.3356708335865086
1.3817864593894171E-8,3.804629745582327E-6,1.3913582093509112E-4,-0.0017576572838083355,-1.711810015094979
1.3046115853394919E-8,3.7093130060440755E-6,1.0003359366363813E-4,-0.010036935268799419,2.8963975917687326
1.26738765017218E-8,3.572683405385917E-6,1.0541298386425099E-4,-0.007549030669087691,3.108080858650244
1.1670599107160757E-8,3.536140359642017E-6,3.1218858060770235E-5,0.024667692457941853,0.5081332152353027
1.2416754917100263E-8,3.293854180874055E-6,1.5844840978440094E-4,0.00735669829146857,0.2537908806132704
1.4733177400167242E-8,2.725637819030942E-6,3.845708710546294E-5,0.031013381115172604,0.6073681639003161
1.3568379040765578E-8,2.510150122541633E-6,2.0180303385224394E-4,-0.019402070290910463,6.507126742061159
1.7300523422641708E-8,9.912000727096023E-7,1.3556943946178777E-6,0.03056159738431075,9.7061881799909
1.729879410582687E-8,1.1905128923627487E-6,5.467487288762014E-5,0.03768687659347865,5.8558458259147175
1.6576298980745338E-8,1.3460053646863371E-6,1.0726230583810399E-4,0.043448636557501565,2.9709380501356586
7.4838644781336E-9,1.378683147553096E-6,2.5535560277444307E-4,0.04707232230618553,8.73835903221547
7.548730023767662E-9,1.3916597951363868E-6,2.577061786251861E-4,0.047708947784200754,8.830607897407514
7.627101095985986E-9,1.4070028806810972E-6,2.603225850853199E-4,0.04819636131602738,8.914841765209164
7.691264817541984E-9,1.4195068350813046E-6,2.626315427047931E-4,0.04857748212773194,8.987648441557834
7.651750027339525E-9,1.4120630289585185E-6,2.6125533947346437E-4,0.048322514598561024,8.946104283958487
1.1662529472620997E-8,1.0909011054628557E-6,2.565458804285097E-4,0.035712853569194965,8.563269951839924
7.638147770132322E-9,1.4097484481741117E-6,2.6112069405698413E-4,0.04828303260720025,8.936406959581621
7.615094138154494E-9,1.4054629120212854E-6,2.606265968783379E-4,0.048156410900255034,8.904033454734725
7.54983325505713E-9,1.3931157530616673E-6,2.583930431543304E-4,0.04773830801809843,8.86072268275866
8.374255972520215E-9,-3.297774355712784E-6,2.8660891065950385E-4,0.11077767570007244,25.25189158357542
-2.038552362716047E-9,-2.574130116306299E-6,5.176700307532393E-4,0.14416387266745145,18.611212935812393
-1.9563692845718364E-9,-2.5255551274078E-6,5.11559882830097E-4,0.1422984046885267,18.388514449943862
-8.033195780801687E-9,-1.4861412194483114E-6,6.886309653087091E-4,0.07795745616391278,25.034735972105555
-1.6510154893740025E-9,-2.4060474142955207E-6,5.051608839883347E-4,0.13972646155102741,18.143867057746657
-8.09073465726537E-9,-1.4967859115940977E-6,5.745210992821023E-4,0.11951510991256857,20.958672016016557
-2.6019263301084565E-9,-1.7072703310510623E-6,2.38737393854769E-4,0.15881550535100167,20.38698882928396
-7.108407379027085E-9,-1.3150553651200098E-6,7.054767104887834E-4,0.1241139897259374,14.283688441842088
-1.0244861584082518E-8,-7.137614232416801E-7,5.971384486176662E-4,0.10407810964504376,21.87936305399545
-6.3321241570081876E-9,-1.1714429690465153E-6,7.932069213615415E-4,0.09492550685503892,16.650549525997313
-9.241846944078026E-9,-4.344376065542527E-7,7.066809619243695E-4,0.12383616957166907,13.553462643786181
2.995634057490106E-9,3.4804994932447715E-6,8.849698230163998E-4,-0.08563884025771273,3.508937825512321
-3.8323185382781946E-9,4.302578980887172E-6,-1.311611019725712E-4,0.154882275317543,-4.488988715011258
8.710036533069113E-9,1.6113567586177845E-6,2.981010003442902E-4,-0.07908874341614315,28.148897321636493
5.223634376255256E-9,-1.4632663893888396E-6,1.7877888652733604E-4,0.11992586607667204,17.730042934622524
1.6634022748532066E-9,-1.8424544026250058E-6,6.318521409690249E-4,0.08739419657847508,12.22423717106206
3.824178628212937E-10,-1.4466436006811928E-6,4.1881249927693166E-4,0.11090501700948349,14.95128254193783
2.2377500058952047E-10,-1.24844912881539E-6,3.5254175269060136E-4,0.09363266016182578,18.754809112662237
1.2700853146468947E-8,3.71968417627753E-6,6.836520183175114E-5,-0.017531032871941115,1.7823367625368747
1.2333843973427203E-8,3.5463766353902307E-6,8.398936078758037E-5,-0.012318599948401374,2.359965163663048
2.304934229133364E-9,-9.936042661800507E-7,4.5857453960575196E-4,0.06535502398591002,16.272517073239467
1.7355343078646945E-9,-6.979311564885805E-7,3.318630854589776E-4,0.08384105634646546,16.642509638546134
-5.49440022618489E-10,-1.0164640418441909E-7,4.592789822736413E-4,0.060436816200419276,16.446363191807173
2.9941598436673227E-9,5.539195710784542E-7,2.764015032097845E-4,0.08871528532553417,9.724519870073184
-2.6347173845206013E-9,1.6808751837448257E-6,4.895923883228443E-4,0.060827634670726646,7.276199878502353
-2.039713963185397E-9,1.5343915457311633E-6,4.413568409756267E-4,0.05542380431217937,11.315186674714349
7.518689731342138E-9,1.3928571533876153E-6,2.578350639027E-4,0.04767342678458887,8.825177988212495
7.550685910321553E-9,1.3988383088293184E-6,2.586844496664727E-4,0.047913283117578566,8.853874338764747
7.610496904812184E-9,1.4101037928526702E-6,2.6075827940099083E-4,0.04822545233401976,8.919726124448056
7.632669097279453E-9,1.4142334655296936E-6,2.616184221704921E-4,0.048379381212392575,8.950996293221094
7.62663165729924E-9,1.4130002693805623E-6,2.613910650981625E-4,0.04836308950637989,8.94667164929587
7.758003801666197E-9,1.4378870746371904E-6,2.659911921366771E-4,0.04921572755340266,9.100037500958697
4.226321404267315E-9,1.7214093884692947E-6,2.7025426435428157E-4,0.06034501334868377,9.440601099065617
7.8337785382525E-9,1.4520802144056583E-6,2.683634071924488E-4,0.049668018539356054,9.185121613198861
-8.193069056987372E-9,5.019940892001881E-6,-2.804077884753929E-4,0.06493894916218794,21.63720358615931
4.2904550694436555E-9,5.185133099945672E-6,1.4684082475170904E-4,0.1056547472249251,-15.961034388142476
7.179890065959284E-9,6.1752709481378386E-6,2.4573173750745654E-4,-0.012294412416812575,-7.03246782647185
1.7682355556468575E-8,5.46811236807558E-6,1.7771577536063166E-5,-0.04510450230735223,-0.2856745193698105
1.752349369611141E-8,5.405121102485281E-6,2.1319079882870125E-5,-0.043708041914893254,-0.15058870595875629
2.3620728645507096E-8,4.369834799418814E-6,-1.5512879618064697E-4,0.02073947760716832,-6.775595537666123
1.7266135517160847E-8,5.294718082760326E-6,2.930043269491818E-5,-0.04084833064660558,0.14812299337719903
2.3651579437328925E-8,4.375542195905851E-6,-4.192445123209841E-5,-0.02098431463167079,-2.7305110509159682
1.8197496632965017E-8,4.59164540989857E-6,2.952363571454036E-4,-0.059955036805639364,-2.103711139868829
2.2883869294311907E-8,4.2335158194477E-6,-1.6554229205402858E-4,-0.024226252047421605,4.195367110543156
2.606709873653324E-8,3.6405838707061532E-6,-5.5856148776150676E-5,-0.0039393074666657785,-3.354332084394218
2.2387170498312165E-8,4.141626542187745E-6,-2.4378870366469437E-4,0.006720236616908182,2.153972298437181
2.5419673820943516E-8,3.4271108791231407E-6,-1.5317507953778537E-4,-0.021436365632213433,5.392149587019682
1.2073925380467024E-8,-6.65424652020177E-7,-3.619396421542198E-4,0.18008110018296522,14.142800040613428
1.7744739158971128E-8,-1.2693713927162272E-6,6.073136977157867E-4,-0.05037162307330555,20.785311304322803
6.335129509397702E-9,1.1719989592385773E-6,2.1681980745913684E-4,0.17209170814317915,-10.223939737354998
1.0106737595508642E-8,4.542569055223744E-6,3.459030942062834E-4,-0.03155274028815028,-0.9349869727266741
1.3280728009178511E-8,4.770650977266896E-6,-1.6411505432215118E-4,0.0013806723397794699,4.499051303372642
1.372807450787443E-8,4.000482504654188E-6,7.925355342365001E-5,-0.017515978595023792,2.1180594807786095
1.3696163226332307E-8,3.7476842568805773E-6,1.4417677857894552E-4,-6.664854646390405E-5,-1.3607276206731092
1.287291431864419E-8,3.6406562151178763E-6,1.0389586099603674E-4,-0.008515880675073619,3.043482095384356
1.2530297128608851E-8,3.5300167643118597E-6,1.0480503483878371E-4,-0.00730675631552758,3.0938266897903164
1.2069890836752624E-8,3.676983211074647E-6,2.697695271773464E-5,0.02480175706711522,0.3357024033533983
1.2476212146085092E-8,3.289573049964726E-6,1.6456913487486685E-4,0.00882563224619785,0.5425175359287884
1.4291117722270495E-8,2.6438567786200433E-6,5.936132911908299E-5,0.03303182564346819,1.3776514149975085
1.3051352950326655E-8,2.4145002958104333E-6,2.1898383880306448E-4,-0.008687811974628406,7.148213572461016
1.3667346341448788E-8,1.1774101999017193E-6,1.0651768097718347E-4,0.038240859249084325,9.552540976638221
1.4007713920430096E-8,1.2813174050371719E-6,1.2911320061386052E-4,0.04185938397758536,7.016348902951841
7.581912019431271E-9,1.4018817988076744E-6,2.5928453944441875E-4,0.04797822986124013,8.873699267105943
7.639273399974161E-9,1.4127162686918317E-6,2.6138069404718796E-4,0.04833956032579189,8.94564249687433
7.67721004685505E-9,1.4198621238372498E-6,2.626961315310021E-4,0.04860167723092099,8.991697043280105
7.762533541287413E-9,1.4358416379247692E-6,2.656322345371311E-4,0.04914404015156814,9.09156335236314
7.820600445848735E-9,1.4466802243902758E-6,2.6763672412276747E-4,0.049512431541979374,9.159831385755652
7.86761579635742E-9,1.4554350354816708E-6,2.6925597991548186E-4,0.04981215164952694,9.215383572296883
8.842723277154378E-9,1.4161330092193242E-6,2.732607372497446E-4,0.04813270851171008,9.307636479954887
-1.6526996692344857E-8,5.420975662820529E-6,1.9002926084043658E-4,0.0974092807960743,7.653711617164518
-7.94392792000589E-9,5.058101875406033E-6,-2.718809330622018E-4,0.06637467914543249,21.891136835886705
4.50950361364543E-9,5.222313588448512E-6,1.543377611770148E-4,0.1069819209169717,-15.6884730633334
7.433553164084725E-9,6.220316824475303E-6,2.544133570407994E-4,-0.010665890074910936,-6.729343945804239
1.785620982918607E-8,5.498546047770139E-6,2.4184141363168388E-5,-0.04388008407616884,-0.06550084732404304
1.786467032141267E-8,5.466984449071207E-6,3.333123592497698E-5,-0.04145816300175861,0.2610377197641389
2.398408378081871E-8,4.43705549945146E-6,-1.4218201772600488E-4,0.023108415549246236,-6.33171449101379
1.7599325753626444E-8,5.354460637085128E-6,4.121126470354062E-5,-0.03860302600183763,0.5565433663453936
2.3987444048995536E-8,4.4376771490641745E-6,-2.9862556606319025E-5,-0.018744055699029025,-2.3168299648263604
1.8563073181751015E-8,4.6582830796671325E-6,3.080139908391517E-4,-0.05749821515457727,-1.656491524048862
2.31900572941983E-8,4.290160599426679E-6,-1.5452652624269012E-4,-0.0221919538283772,4.5668056082159465
2.64680351934861E-8,3.7157436140959035E-6,-4.134278002303196E-5,-0.0012596715258571256,-2.8564078227990173
2.282499866458237E-8,4.222624752947737E-6,-2.2807026030940834E-4,0.009590499706854168,2.6843093105560634
2.5777208615274588E-8,3.494529219636532E-6,-1.3991619037568556E-4,-0.01899036607352623,5.835309883257148
1.2169030779192776E-8,-6.354668845210015E-7,-3.5537893431679754E-4,0.1802413248035725,14.254201808851716
1.7863928706865846E-8,-1.3012476003322114E-6,6.113929599924836E-4,-0.05154465043121521,20.924924055742753
6.4952802479681545E-9,1.2016268458741066E-6,2.223009664867098E-4,0.17431481166263854,-10.197991891611068
1.0156977307445883E-8,4.829569920400635E-6,3.476225483473353E-4,-0.04116175626151656,-2.2033086176956624
1.3095637902435715E-8,4.653096027751483E-6,-1.48173224162458E-4,0.003186933026384948,4.6804032085751475
1.4228861025910893E-8,4.040802298392414E-6,1.1038396807041512E-4,-0.010604234279699094,3.204789198963901
1.4247800258925005E-8,3.805221013021327E-6,1.749593946723421E-4,0.00660872475577496,-0.07633493055075827
1.3536362450205675E-8,3.7018455183234785E-6,1.4305941137518382E-4,8.515322722663534E-5,4.408898667802165
3.859487683883285E-9,-3.727223472207548E-7,4.2266323973167043E-4,0.10213086049646697,14.90783767793372
5.779455565551042E-9,1.3447447187364307E-7,4.477312147415844E-4,0.07000675134391497,15.703939360000112
6.056954599093662E-9,5.437032935196998E-7,3.6153458320690795E-4,0.0795902366870133,15.36494218156945
9.142482990825934E-9,1.6913593533027985E-6,3.1335520092498517E-4,0.057947432407029646,10.725272216447712
8.967060267634045E-9,1.658906149512299E-6,3.0715911491891005E-4,0.05688093475448679,10.51291862006398
8.936027724370455E-9,1.654367464235567E-6,3.061570326411508E-4,0.05662255615822618,10.472967665517013
9.066481955224855E-9,1.6790027087716424E-6,3.1075584412037426E-4,0.057466460138719165,10.632241278586765
9.072993640042499E-9,1.6801526602816933E-6,3.1096407797113286E-4,0.05750573397206075,10.643416478541754
-1.6935828345878233E-8,2.829890654260733E-6,2.1757565686444572E-4,0.21250681054510895,8.659699897022774
-1.561632349838594E-8,5.895509091558508E-6,6.399473553343731E-4,0.05813262591060822,2.6986078562420692
-2.0186104445774944E-8,4.256549385214863E-6,7.335641496686572E-4,0.06262368409978404,14.544183643509559
-2.1129951348638654E-8,3.114155639365444E-6,5.287487951194391E-4,0.1172697665074704,20.00158170150543
-1.9453022567045726E-8,3.519269598219996E-6,6.030549172790596E-4,0.13127918188301463,11.231257733831086
-1.8004421867620327E-8,3.922458032828207E-6,3.534993404131823E-4,0.14528404718181825,13.574190107313598
-1.3979567138296496E-8,5.5940479128677525E-6,2.506369881290823E-4,0.10643213590072487,9.687565028009852
-6.320606547840337E-9,5.363883004925025E-6,-2.1632275909983558E-4,0.07675064936620235,23.818740789681353
6.015785333535245E-9,5.503324497823247E-6,2.05890253040244E-4,0.11656111277767246,-13.93531399133753
8.848890707729813E-9,6.483259224028074E-6,3.0285328447205275E-4,-0.0017176696839387232,-5.075007840726533
1.9268470066565343E-8,5.760644515477825E-6,7.229673367654518E-5,-0.034997544661543804,1.5808147667284729
1.912304286704998E-8,5.700031026274418E-6,7.633281727199804E-5,-0.03350832576227913,1.7326660702956067
2.5277086634309857E-8,4.676261027347321E-6,-9.807655874730212E-5,0.031275496745319896,-4.822429717549019
1.9002118325403322E-8,5.614594737360097E-6,8.905673840515146E-5,-0.029765214939705985,2.193803454063702
2.5762714723564163E-8,4.766102223859372E-6,1.3694749051881903E-5,-0.010953213147258334,-0.8522578959005882
2.0056633875451033E-8,4.934957320365066E-6,3.590333738572982E-4,-0.048093812493655394,0.08600453831425625
2.4806941307011508E-8,4.589284141797127E-6,-9.943387841057186E-5,-0.01199816010588943,6.454900120631546
2.8115534768904566E-8,4.019864593501885E-6,1.4508307499431887E-5,0.009076385333261574,-0.9457178760337719
2.4579087216495135E-8,4.547131135051596E-6,-1.6831757806136356E-4,0.020659163557604797,4.732265505051151
2.7605332037648836E-8,3.832122996824236E-6,-7.783721952480088E-5,-0.007502461276021673,7.9650405908518245
8.992192434630577E-9,3.937409669377833E-6,9.157472822513141E-4,-0.024347780305091472,10.533010228424828
4.349532712675078E-9,4.310555754981656E-6,1.4886275709130465E-4,0.1528639821116618,5.0948278614499
1.2686079586443596E-8,2.346924723492065E-6,4.341810738460323E-4,-0.0010320006188015438,25.736378357336957
1.2311805596883703E-8,2.276912341964461E-6,4.213715465533448E-4,0.07798132167192502,14.425129133037498
1.2460923661361937E-8,2.303902543881258E-6,4.268409811619455E-4,0.07894680929867544,14.60265003626145
1.2625545309774301E-8,2.333566134343684E-6,4.326867677120822E-4,0.0800946264108752,14.809583424108084
-3.888258889537085E-9,-3.948304129850137E-6,7.302970867919651E-4,0.20623203621381664,41.73968445490573
-2.1955840846052987E-9,-3.852668930533858E-6,8.463872211718227E-4,0.23249995862615552,30.36997410120491
-1.6879402519386069E-9,-3.6331919923120782E-6,8.301879889336529E-4,0.22673723428923476,29.764463995488377
7.961634409927883E-10,-3.630177444934415E-6,0.0010372786265801372,0.14007333041932654,37.037908598293235
-1.3139362619322968E-9,-3.03890050718261E-6,7.025853609187085E-4,0.19156396112075663,38.54494170063191
-8.654960021313628E-9,-1.601167603943028E-6,0.0010651236726992707,0.12719945488180112,38.52552292701282
-5.436822276944427E-9,-1.005812121234719E-6,5.785125444357623E-4,0.2722325294330864,20.963129454679528
-1.7759173498327475E-8,3.4557259423856533E-6,0.0011946660938908103,0.12853083106803642,11.414102132634149
-1.9259997372655987E-8,2.903813017430637E-6,0.0010699678507505874,0.10922424590058286,23.798219679923015
-1.7660679960599448E-8,2.4284587996780646E-6,9.184913937743608E-4,0.09178160529798762,33.75293598734919
-1.2879468897124731E-8,3.5667263849580892E-6,3.54587590202734E-4,0.2374614180997548,13.346168281102582
-1.1586689094242118E-8,6.58910761735431E-6,7.709251694225396E-4,0.08271941964690202,7.294745218935608
-1.650981147572994E-8,4.904387914441387E-6,8.536319702471796E-4,0.08513142496356793,18.696165061983727
-1.7697187175458348E-8,3.704175322937883E-6,6.382062333853574E-4,0.1373946464474286,23.735544249230408
-1.6166013968660256E-8,4.024803907785023E-6,6.972705257677123E-4,0.1484250159678819,14.591348286399946
-1.1804679780134923E-8,4.1071198123933895E-6,4.3703554230636963E-4,0.150139698088833,16.237439122519174
3.561375829973937E-8,-1.5933450706618913E-6,4.896485928138124E-4,0.03050878306688493,15.648488912175942
2.704724631859791E-8,-1.2384561944342511E-6,9.25692005254014E-4,0.05968379062299152,1.8501142806423632
1.521529625465615E-8,-1.3242013170769593E-6,5.207435143156071E-4,0.02235902393054557,37.60303318218317
1.247055729609789E-8,-2.3933324751374347E-6,4.2680482345895047E-4,0.13496678195699469,29.582942130889357
2.5473668661069873E-9,-1.621411387571816E-6,6.467287596898564E-4,0.16574172196538517,22.985798742134126
4.080230908175493E-9,-1.012643623692397E-6,6.12241371932689E-4,0.1521983977267939,21.67314927708771
-2.4213089195631224E-9,-4.4794215011917795E-7,8.004195125254659E-4,0.10275730308573527,28.738532780745665
2.744773742280271E-9,-1.5927406705457179E-6,6.555838461372958E-4,0.16755282097991356,23.292058051450375
-3.6466857996511393E-9,-6.746368729354615E-7,7.266194255427232E-4,0.14765331198745218,26.16423837987712
2.2093889826866698E-9,-7.56512719291323E-7,3.871840749265838E-4,0.1806047381210065,24.863058488120537
-1.3790557822326782E-9,-2.551253197130439E-7,8.023794938842766E-4,0.14270998192562032,18.631088765163923
-3.6097909984064714E-9,3.5005606601226114E-7,6.929356481472328E-4,0.12268610238191173,24.958230063619553
-7.890301847789654E-10,-1.459705841841098E-7,8.667864763903377E-4,0.1144963370474864,20.375872491925143
-3.3361881184807556E-9,5.053182095267804E-7,7.862410198496034E-4,0.13938142947751467,17.550282637465795
1.5591404032486718E-8,5.564322773245405E-7,-8.884536000190213E-5,0.18193663177651384,18.26300085808087
1.949459497720979E-8,-5.990013453928315E-8,6.672025130950051E-4,-0.007629552045360281,22.835006010676558
9.50133663352862E-9,1.757747277202793E-6,3.2518324628251683E-4,0.16936121094334725,-3.470013836576645
1.2126872168536191E-8,4.5097270511723875E-6,4.150421999681509E-4,-0.0042285464786960035,3.374297525914991
1.4136843539901999E-8,4.338961048513046E-6,2.2960424004497315E-5,0.02789442633599802,8.321835851503604
1.5066080800033375E-8,4.014385178620138E-6,1.875150615314309E-4,0.007658709935305306,5.918372781236783
1.4910113203336468E-8,3.786628323131688E-6,2.3536027400835718E-4,0.020891456123474515,2.722727596556904
1.0474618033689022E-8,1.9874189245876366E-6,3.4522771402757327E-4,0.0627742294403358,11.795230389077128
1.0636103344715228E-8,2.0070213961749188E-6,3.535011881908159E-4,0.06453109803868491,12.08256983477407
1.0808864228784043E-8,2.0297342723374254E-6,3.618866555881523E-4,0.06736189730686458,12.373325412044045
2.574387651377947E-8,7.559019677182322E-6,1.333742024340567E-4,-0.03692422291557241,-9.937234646802652
3.362440063546536E-8,6.220514117561098E-6,-2.118349185799448E-4,0.030725170720398168,-9.323678952904134
3.07713444567774E-8,5.692698724503822E-6,2.882513678940087E-4,-0.11194821227140422,8.70139352540875
4.309643391894191E-8,1.2111286682338749E-6,-3.3299001585637136E-4,0.031161012713160813,18.166559106835226
4.439874845937766E-8,1.7389467303769755E-6,-2.1170887981338638E-4,0.04966217036753313,5.591374544786577
4.292503803462182E-8,2.238964752150288E-6,-5.5552099074590165E-5,0.06795110050521676,-4.221476426711959
3.828525354942225E-8,1.1253573782509691E-6,5.138576768140495E-4,-0.07702974889090164,16.374746154206623
3.715807071688147E-8,-1.880925531131802E-6,1.0124416635651643E-4,0.07878640792284686,22.60448826397804
4.1893201132712915E-8,-2.2183935648564123E-7,1.2729748362753392E-5,0.07526785332371526,10.972747782851833
4.298433006013801E-8,9.542529526101474E-7,2.237358238397907E-4,0.02201009254613009,5.759080575829916
4.1407363819246046E-8,5.711643525396748E-7,1.5348056850346972E-4,0.00875987045622334,14.622996141026793
3.9885225421975143E-8,2.017880486987689E-7,4.055714711385923E-4,-0.004015616826478566,12.420531088596963
3.614205088414269E-8,-1.3980707976216737E-6,5.164229259423049E-4,0.03617823127659943,16.578070124094136
2.848102114762607E-8,-1.108392483888651E-6,9.747629487775026E-4,0.06634570722577848,2.8835148457296516
1.645037698002925E-8,-1.2603959769979472E-6,5.630141521415009E-4,0.027235619604048727,39.83677967035821
1.3796242220483642E-8,-2.1717457566457977E-6,4.7217638999605285E-4,0.14364250422667155,31.21118125893582
3.859631040328309E-9,-1.3823779836207874E-6,6.926398010672685E-4,0.17431754857454138,24.558624091367548
4.105428867973045E-9,-1.2850818019171026E-6,6.871954961844449E-4,0.17216879532586235,24.35120579541235
-9.077366889442292E-10,-1.679312874546803E-7,8.415390768406038E-4,0.11091252372905064,30.129593492881114
6.279484728498801E-9,-4.449581176838101E-7,6.44509381018883E-4,0.15462539877506754,22.712082956001723
3.486400815276472E-10,6.449841508261477E-8,7.262785016377084E-4,0.14546039931764526,25.94396263066789
2.2101108066803644E-8,5.1216251410462055E-6,4.8022532914236324E-4,-0.007758366282549348,6.142688800914054
2.557126607431273E-8,4.7306842237478525E-6,1.0765770003049181E-4,0.025093429460666554,11.662030611963385
2.9272857082116404E-8,4.392481496178874E-6,1.812680371705933E-4,0.03906933254282002,4.955129302677959
2.491159268285413E-8,4.6086446463280116E-6,7.349852550643534E-5,0.05357179027311977,10.613312446401928
2.7113283257913052E-8,4.0512678540608705E-6,1.541279053774574E-4,0.033732945605722015,13.31800982399566
