275.0,161
275.0,182
275.0,109
275.0,54
275.0,124
275.0,222
275.0,159
275.0,187
275.0,112
275.0,55
275.0,105
275.0,237
275.0,159
275.0,186
275.0,117
275.0,54
275.0,115
275.0,252
275.0,157
275.0,189
275.0,120
275.0,55
275.0,118
275.0,257
275.0,160
275.0,194
275.0,120
275.0,56
275.0,117
275.0,253
275.0,162
275.0,193
275.0,120
275.0,59
275.0,115
275.0,250
275.0,163
275.0,195
275.0,119
275.0,61
275.0,107
275.0,244
275.0,166
275.0,196
275.0,118
275.0,66
275.0,98
275.0,230
275.0,174
275.0,196
275.0,114
275.0,72
275.0,86
275.0,214
275.0,179
275.0,192
275.0,114
275.0,79
275.0,64
275.0,207
275.0,185
275.0,191
275.0,107
275.0,79
275.0,81
275.0,206
275.0,184
275.0,188
275.0,108
275.0,83
275.0,75
275.0,199
275.0,185
275.0,184
275.0,103
275.0,84
275.0,96
275.0,195
275.0,186
275.0,181
275.0,100
275.0,88
275.0,103
275.0,186
275.0,185
275.0,178
275.0,99
275.0,89
275.0,116
275.0,182
275.0,182
275.0,173
275.0,98
275.0,91
275.0,118
275.0,175
275.0,184
275.0,168
275.0,98
275.0,95
275.0,125
275.0,161
275.0,184
275.0,152
275.0,126
275.0,108
275.0,22
275.0,142
275.0,184
275.0,150
275.0,128
275.0,115
275.0,23
275.0,163
275.0,185
275.0,143
275.0,130
275.0,114
275.0,26
275.0,127
275.0,187
275.0,144
275.0,135
275.0,118
275.0,30
275.0,115
275.0,186
275.0,147
275.0,138
275.0,119
275.0,33
275.0,108
275.0,183
275.0,146
275.0,138
275.0,125
275.0,36
275.0,110
275.0,181
275.0,146
275.0,135
275.0,131
275.0,35
275.0,117
275.0,177
275.0,151
275.0,134
275.0,137
275.0,35
275.0,122
275.0,173
275.0,158
275.0,129
275.0,146
275.0,39
275.0,106
275.0,172
275.0,155
275.0,130
275.0,147
275.0,38
275.0,114
275.0,175
275.0,162
275.0,133
275.0,147
275.0,37
275.0,170
275.0,179
275.0,165
275.0,134
275.0,149
275.0,37
275.0,180
275.0,180
275.0,164
275.0,137
275.0,151
275.0,40
275.0,111
275.0,182
275.0,167
275.0,137
275.0,152
275.0,41
275.0,102
275.0,185
275.0,173
275.0,137
275.0,153
275.0,41
275.0,102
275.0,188
275.0,176
275.0,136
275.0,156
275.0,42
275.0,103
275.0,188
275.0,181
275.0,139
275.0,153
275.0,43
275.0,99
275.0,195
275.0,184
275.0,141
275.0,154
275.0,43
275.0,102
275.0,199
275.0,188
275.0,145
275.0,154
275.0,45
275.0,106
275.0,58
275.0,168
275.0,116
275.0,174
275.0,114
275.0,163
275.0,48
275.0,164
275.0,123
275.0,177
275.0,104
275.0,163
275.0,47
275.0,165
275.0,122
275.0,183
275.0,105
275.0,167
275.0,45
275.0,169
275.0,121
275.0,186
275.0,104
275.0,167
275.0,46
275.0,171
275.0,122
275.0,188
275.0,98
275.0,175
275.0,73
275.0,173
275.0,50
275.0,184
275.0,111
275.0,172
275.0,53
275.0,176
275.0,49
275.0,179
275.0,110
275.0,170
275.0,77
275.0,172
275.0,55
275.0,181
275.0,106
275.0,173
275.0,51
275.0,177
275.0,54
275.0,175
275.0,111
275.0,174
275.0,73
275.0,176
275.0,56
275.0,176
275.0,115
275.0,178
275.0,51
275.0,175
275.0,64
275.0,171
275.0,115
275.0,182
275.0,73
275.0,171
275.0,58
275.0,176
275.0,118
275.0,183
275.0,73
275.0,168
275.0,46
275.0,174
275.0,125
275.0,185
275.0,50
275.0,165
275.0,44
275.0,164
275.0,124
275.0,187
275.0,51
275.0,165
275.0,44
275.0,163
275.0,124
275.0,190
275.0,78
275.0,162
275.0,43
275.0,168
275.0,124
275.0,193
275.0,76
275.0,158
275.0,43
275.0,167
275.0,127
275.0,193
275.0,75
275.0,158
275.0,47
275.0,164
275.0,129
275.0,194
275.0,70
275.0,155
275.0,52
275.0,159
275.0,132
275.0,193
275.0,73
275.0,154
275.0,52
275.0,183
275.0,134
275.0,192
275.0,47
275.0,151
275.0,52
275.0,171
275.0,136
275.0,191
275.0,75
275.0,145
275.0,101
275.0,175
275.0,135
275.0,188
275.0,44
275.0,145
275.0,98
275.0,160
275.0,135
275.0,192
275.0,75
275.0,154
275.0,100
275.0,165
275.0,132
275.0,182
275.0,78
275.0,154
275.0,100
275.0,162
275.0,129
275.0,172
275.0,79
275.0,149
275.0,101
275.0,162
275.0,127
275.0,165
275.0,81
275.0,141
275.0,100
275.0,159
275.0,126
275.0,157
275.0,77
275.0,137
275.0,74
275.0,165
275.0,126
275.0,160
275.0,84
275.0,136
275.0,70
275.0,159
275.0,126
275.0,149
275.0,78
275.0,128
275.0,76
275.0,163
275.0,111
275.0,151
275.0,89
275.0,121
275.0,46
275.0,154
275.0,100
275.0,152
275.0,81
275.0,102
275.0,75
275.0,159
275.0,103
275.0,147
275.0,87
275.0,102
275.0,66
275.0,153
275.0,97
275.0,161
275.0,91
275.0,92
275.0,73
275.0,158
275.0,95
275.0,144
275.0,93
275.0,89
275.0,70
275.0,155
275.0,92
275.0,145
275.0,176
275.0,60
275.0,94
275.0,170
275.0,121
275.0,116
275.0,176
275.0,64
275.0,96
275.0,171
275.0,121
275.0,114
275.0,177
275.0,66
275.0,98
275.0,172
275.0,121
275.0,113
275.0,176
275.0,66
275.0,100
275.0,173
275.0,121
275.0,114
275.0,176
275.0,72
275.0,102
275.0,174
275.0,122
275.0,113
275.0,174
275.0,76
275.0,101
275.0,175
275.0,128
275.0,113
275.0,109
275.0,80
275.0,80
275.0,174
275.0,101
275.0,123
275.0,109
275.0,85
275.0,96
275.0,177
275.0,101
275.0,123
275.0,111
275.0,88
275.0,104
275.0,176
275.0,101
275.0,127
275.0,111
275.0,94
275.0,110
275.0,170
275.0,102
275.0,131
275.0,112
275.0,97
275.0,116
275.0,166
275.0,104
275.0,136
275.0,110
275.0,103
275.0,117
275.0,159
275.0,104
275.0,142
275.0,110
275.0,113
275.0,120
275.0,157
275.0,106
275.0,146
275.0,109
275.0,121
275.0,122
275.0,149
275.0,107
275.0,149
275.0,109
275.0,133
275.0,123
275.0,143
275.0,108
275.0,152
275.0,110
275.0,123
275.0,124
275.0,142
275.0,109
275.0,156
275.0,110
275.0,109
275.0,122
275.0,140
275.0,108
275.0,159
275.0,108
275.0,98
275.0,123
275.0,139
275.0,107
275.0,162
275.0,108
275.0,85
275.0,121
275.0,138
275.0,106
275.0,169
275.0,108
275.0,76
275.0,119
275.0,136
275.0,105
275.0,172
275.0,107
275.0,74
275.0,118
275.0,132
275.0,105
275.0,177
275.0,105
275.0,69
275.0,117
275.0,126
275.0,104
275.0,183
275.0,104
275.0,71
275.0,116
275.0,124
275.0,104
275.0,189
275.0,102
275.0,69
275.0,113
275.0,122
275.0,105
275.0,196
275.0,102
275.0,70
275.0,111
275.0,121
275.0,105
275.0,203
275.0,102
275.0,72
275.0,109
275.0,120
275.0,103
275.0,176
275.0,100
275.0,84
275.0,108
275.0,117
275.0,101
275.0,169
275.0,99
275.0,152
275.0,105
275.0,113
275.0,99
275.0,158
275.0,99
275.0,164
275.0,105
275.0,108
275.0,98
275.0,151
275.0,97
275.0,175
275.0,106
275.0,108
275.0,97
275.0,144
275.0,97
275.0,176
275.0,104
275.0,106
275.0,96
275.0,140
275.0,98
275.0,184
275.0,103
275.0,104
275.0,95
275.0,136
275.0,157
275.0,185
275.0,101
275.0,55
275.0,94
275.0,132
275.0,155
275.0,180
275.0,100
275.0,57
275.0,92
275.0,123
275.0,153
275.0,176
275.0,101
275.0,104
274.0,90
274.0,117
274.0,90
274.0,151
274.0,103
274.0,112
274.0,89
274.0,115
274.0,89
274.0,129
274.0,107
274.0,112
274.0,88
274.0,128
274.0,88
274.0,64
274.0,110
274.0,111
274.0,87
274.0,133
274.0,89
274.0,48
274.0,115
274.0,106
274.0,83
274.0,137
274.0,88
274.0,75
274.0,115
274.0,107
274.0,82
274.0,129
274.0,87
274.0,74
274.0,111
274.0,109
274.0,78
274.0,128
274.0,89
274.0,74
274.0,110
274.0,113
274.0,76
274.0,126
274.0,92
274.0,77
274.0,107
274.0,116
274.0,72
274.0,117
274.0,93
274.0,72
274.0,106
274.0,120
274.0,71
274.0,118
274.0,96
274.0,81
274.0,107
274.0,124
274.0,70
274.0,114
274.0,99
274.0,77
274.0,107
274.0,128
274.0,69
274.0,111
274.0,102
274.0,81
274.0,106
274.0,133
274.0,67
274.0,111
274.0,102
274.0,71
274.0,99
274.0,140
274.0,64
274.0,125
274.0,104
274.0,82
274.0,102
274.0,141
274.0,60
274.0,111
274.0,106
274.0,85
274.0,103
274.0,147
274.0,56
274.0,121
274.0,150
274.0,89
274.0,98
274.0,163
274.0,52
274.0,126
274.0,108
274.0,98
274.0,101
274.0,173
274.0,49
274.0,130
274.0,109
274.0,106
274.0,105
274.0,178
274.0,46
274.0,128
274.0,112
274.0,105
274.0,109
274.0,179
274.0,50
274.0,130
274.0,112
274.0,111
274.0,112
274.0,181
274.0,55
274.0,130
274.0,111
274.0,107
274.0,112
274.0,180
274.0,57
274.0,134
274.0,114
274.0,88
274.0,114
274.0,181
274.0,55
274.0,139
274.0,153
274.0,71
274.0,118
274.0,181
274.0,53
274.0,130
274.0,152
274.0,55
274.0,123
274.0,181
274.0,51
274.0,125
274.0,149
274.0,67
274.0,126
274.0,183
274.0,50
274.0,105
274.0,148
274.0,78
274.0,130
274.0,183
274.0,49
274.0,101
274.0,147
274.0,82
274.0,133
274.0,185
274.0,49
274.0,99
274.0,146
274.0,88
274.0,139
274.0,182
274.0,50
274.0,99
274.0,147
274.0,86
274.0,136
274.0,184
274.0,50
274.0,99
274.0,146
274.0,91
274.0,131
274.0,178
274.0,48
274.0,102
274.0,147
274.0,80
274.0,134
274.0,184
274.0,48
274.0,105
274.0,147
274.0,75
274.0,149
274.0,187
274.0,55
274.0,93
274.0,146
274.0,104
274.0,150
274.0,183
273.0,53
273.0,90
273.0,145
273.0,116
273.0,173
273.0,182
273.0,57
273.0,99
273.0,154
273.0,107
273.0,173
273.0,182
273.0,53
273.0,131
273.0,159
273.0,111
273.0,172
273.0,181
273.0,52
273.0,141
273.0,160
273.0,118
273.0,168
273.0,185
273.0,51
273.0,150
273.0,162
273.0,119
273.0,163
273.0,189
273.0,52
273.0,151
273.0,163
273.0,122
273.0,164
273.0,191
273.0,54
273.0,154
273.0,164
273.0,123
273.0,169
273.0,192
273.0,55
273.0,152
273.0,168
273.0,128
273.0,169
273.0,194
273.0,56
273.0,103
273.0,171
273.0,84
273.0,183
273.0,198
273.0,56
273.0,155
273.0,174
273.0,63
273.0,171
273.0,199
273.0,55
273.0,150
273.0,177
273.0,66
273.0,169
273.0,201
273.0,50
273.0,148
273.0,180
273.0,74
273.0,170
273.0,204
273.0,48
273.0,146
273.0,181
273.0,79
273.0,174
273.0,200
273.0,46
273.0,149
273.0,184
273.0,82
273.0,174
273.0,195
273.0,42
273.0,147
273.0,186
273.0,82
273.0,177
273.0,192
273.0,40
273.0,143
273.0,189
273.0,115
273.0,173
273.0,190
273.0,39
273.0,145
273.0,193
273.0,116
273.0,171
273.0,187
273.0,40
273.0,152
273.0,195
273.0,115
273.0,168
273.0,184
273.0,39
273.0,157
273.0,192
273.0,115
273.0,166
273.0,181
273.0,40
273.0,158
273.0,190
273.0,113
273.0,162
273.0,177
273.0,40
273.0,92
273.0,185
273.0,111
273.0,156
273.0,171
273.0,41
273.0,85
273.0,127
273.0,107
273.0,153
273.0,167
273.0,41
273.0,83
273.0,123
273.0,105
273.0,150
273.0,164
273.0,41
273.0,82
273.0,119
273.0,107
273.0,148
273.0,162
273.0,43
273.0,82
273.0,115
273.0,110
273.0,146
273.0,158
273.0,42
273.0,81
273.0,113
273.0,112
273.0,144
273.0,154
273.0,42
273.0,44
273.0,109
273.0,115
273.0,142
273.0,151
273.0,43
273.0,49
273.0,157
273.0,117
273.0,138
273.0,148
273.0,44
273.0,60
273.0,152
273.0,121
273.0,136
273.0,146
273.0,46
273.0,73
273.0,147
273.0,123
273.0,136
273.0,145
273.0,51
273.0,85
273.0,142
273.0,130
273.0,134
273.0,142
273.0,55
273.0,131
273.0,138
273.0,127
273.0,134
273.0,142
273.0,53
273.0,129
273.0,133
273.0,132
273.0,144
273.0,141
273.0,56
273.0,119
273.0,129
273.0,133
273.0,151
273.0,139
273.0,59
273.0,120
273.0,123
273.0,128
273.0,146
273.0,134
273.0,56
273.0,113
273.0,120
273.0,126
273.0,148
273.0,132
273.0,56
273.0,113
273.0,117
273.0,125
273.0,148
273.0,130
273.0,56
273.0,110
273.0,114
273.0,122
273.0,145
273.0,129
273.0,56
273.0,110
273.0,111
273.0,122
273.0,146
273.0,127
273.0,54
273.0,110
273.0,109
273.0,123
273.0,148
273.0,125
273.0,52
273.0,105
273.0,105
273.0,122
273.0,151
273.0,124
273.0,52
273.0,111
273.0,103
273.0,118
273.0,146
273.0,122
273.0,51
273.0,110
273.0,102
273.0,116
273.0,145
273.0,122
273.0,54
273.0,109
273.0,101
273.0,80
273.0,143
273.0,121
273.0,57
273.0,99
273.0,99
273.0,81
273.0,141
273.0,119
273.0,56
273.0,99
273.0,97
273.0,105
273.0,140
273.0,118
273.0,111
273.0,101
273.0,97
273.0,108
273.0,139
273.0,112
273.0,113
273.0,99
273.0,93
273.0,112
273.0,133
273.0,99
273.0,114
273.0,98
273.0,93
273.0,108
273.0,129
273.0,84
273.0,116
273.0,100
273.0,94
273.0,106
273.0,127
273.0,75
273.0,119
273.0,97
273.0,96
273.0,106
273.0,122
273.0,70
273.0,120
273.0,100
273.0,98
273.0,108
273.0,118
273.0,73
273.0,124
273.0,120
273.0,101
273.0,111
273.0,115
273.0,42
273.0,67
273.0,95
273.0,102
273.0,109
273.0,112
273.0,43
273.0,62
273.0,93
273.0,99
273.0,109
273.0,102
273.0,53
273.0,62
273.0,90
273.0,99
273.0,106
273.0,98
273.0,49
273.0,61
273.0,92
273.0,100
273.0,100
273.0,93
273.0,48
273.0,62
273.0,94
273.0,99
273.0,99
273.0,87
273.0,50
273.0,63
273.0,96
273.0,102
273.0,94
273.0,81
273.0,47
273.0,64
273.0,99
273.0,109
273.0,98
273.0,92
273.0,47
273.0,66
273.0,103
273.0,114
273.0,99
273.0,87
273.0,48
273.0,66
273.0,46
273.0,117
273.0,100
273.0,85
273.0,47
273.0,67
273.0,44
273.0,122
273.0,104
273.0,88
273.0,46
273.0,116
273.0,43
273.0,126
273.0,107
273.0,114
273.0,44
273.0,105
273.0,48
273.0,130
273.0,110
273.0,115
273.0,32
273.0,96
273.0,55
273.0,133
273.0,113
273.0,120
273.0,32
273.0,93
273.0,58
273.0,136
273.0,117
273.0,128
273.0,41
273.0,95
273.0,59
273.0,135
273.0,121
273.0,131
273.0,76
273.0,100
273.0,59
273.0,137
273.0,125
273.0,132
273.0,74
273.0,103
273.0,113
273.0,140
273.0,128
273.0,132
273.0,69
273.0,104
273.0,112
273.0,143
273.0,133
273.0,130
273.0,68
273.0,102
273.0,115
273.0,144
273.0,111
273.0,125
273.0,21
273.0,103
273.0,115
273.0,144
273.0,109
273.0,120
273.0,21
273.0,105
273.0,119
273.0,139
273.0,106
273.0,70
273.0,19
273.0,103
273.0,124
273.0,135
273.0,101
273.0,71
273.0,20
273.0,102
273.0,127
273.0,135
273.0,100
273.0,76
273.0,22
273.0,102
273.0,84
273.0,135
273.0,97
273.0,79
273.0,20
273.0,103
273.0,88
273.0,136
273.0,95
273.0,83
273.0,63
273.0,104
273.0,92
273.0,137
273.0,93
273.0,87
273.0,62
273.0,105
273.0,90
273.0,139
273.0,91
273.0,90
273.0,60
273.0,106
273.0,88
273.0,140
273.0,88
273.0,93
273.0,59
273.0,107
273.0,86
273.0,139
273.0,82
273.0,90
273.0,58
273.0,109
273.0,81
273.0,142
273.0,114
273.0,93
273.0,57
273.0,110
273.0,79
273.0,144
273.0,112
273.0,88
273.0,55
273.0,111
273.0,78
273.0,140
273.0,110
273.0,82
273.0,54
273.0,113
273.0,76
273.0,136
273.0,107
273.0,75
273.0,56
273.0,114
273.0,73
273.0,133
273.0,104
273.0,70
273.0,56
273.0,115
273.0,71
273.0,130
273.0,102
273.0,116
273.0,55
273.0,117
273.0,69
273.0,125
273.0,99
273.0,111
273.0,57
273.0,117
273.0,66
273.0,122
273.0,99
273.0,106
273.0,57
273.0,118
273.0,65
273.0,118
273.0,97
273.0,101
273.0,57
273.0,119
273.0,64
273.0,115
273.0,96
273.0,96
273.0,60
273.0,119
273.0,63
273.0,111
273.0,84
273.0,93
273.0,62
273.0,120
273.0,60
273.0,108
273.0,80
273.0,89
273.0,63
273.0,120
273.0,59
273.0,105
273.0,78
273.0,81
273.0,65
273.0,121
273.0,58
273.0,101
273.0,78
273.0,71
273.0,66
273.0,121
273.0,58
273.0,98
273.0,78
273.0,68
273.0,66
273.0,121
273.0,56
273.0,96
273.0,82
273.0,74
273.0,65
273.0,121
273.0,56
273.0,94
273.0,87
273.0,78
273.0,62
273.0,68
273.0,55
273.0,92
273.0,91
273.0,23
273.0,62
273.0,67
273.0,55
273.0,89
273.0,94
273.0,20
273.0,61
273.0,67
273.0,54
273.0,85
273.0,97
273.0,20
273.0,65
273.0,67
273.0,52
273.0,81
273.0,97
273.0,26
273.0,72
273.0,71
273.0,50
273.0,80
273.0,96
273.0,33
273.0,77
273.0,70
273.0,49
273.0,77
273.0,94
273.0,46
273.0,50
273.0,70
273.0,47
273.0,77
273.0,92
273.0,52
273.0,54
273.0,66
273.0,46
273.0,73
273.0,91
273.0,83
273.0,56
273.0,110
273.0,43
273.0,72
273.0,90
273.0,76
273.0,58
273.0,106
273.0,99
273.0,76
273.0,88
273.0,99
273.0,56
273.0,108
273.0,102
273.0,77
273.0,83
273.0,91
273.0,56
273.0,110
273.0,102
273.0,87
273.0,47
273.0,80
273.0,57
273.0,107
273.0,105
273.0,88
273.0,79
273.0,77
273.0,57
273.0,108
273.0,103
273.0,88
273.0,82
273.0,81
273.0,58
273.0,108
273.0,99
273.0,90
273.0,88
273.0,82
273.0,59
273.0,107
273.0,98
273.0,93
273.0,93
273.0,82
273.0,61
273.0,106
273.0,97
273.0,94
273.0,96
273.0,84
273.0,60
273.0,107
273.0,95
273.0,96
273.0,100
273.0,85
273.0,59
273.0,108
273.0,94
273.0,98
273.0,104
273.0,88
273.0,57
273.0,109
273.0,94
273.0,95
273.0,103
273.0,84
273.0,56
273.0,113
273.0,93
273.0,92
273.0,102
273.0,14
273.0,53
273.0,115
273.0,94
273.0,93
273.0,62
273.0,6
273.0,27
273.0,125
273.0,97
273.0,96
273.0,59
273.0,24
273.0,100
273.0,127
273.0,100
273.0,99
273.0,52
273.0,19
273.0,94
273.0,121
273.0,95
273.0,104
273.0,50
273.0,29
273.0,48
273.0,119
273.0,94
273.0,107
273.0,45
273.0,34
273.0,49
273.0,118
273.0,93
273.0,109
273.0,43
273.0,29
273.0,50
273.0,122
273.0,91
273.0,112
273.0,41
273.0,83
273.0,49
273.0,68
273.0,90
273.0,116
273.0,38
273.0,86
273.0,47
273.0,68
273.0,94
273.0,113
273.0,35
273.0,87
273.0,44
273.0,66
273.0,99
273.0,111
273.0,31
273.0,86
273.0,42
273.0,67
273.0,100
273.0,109
273.0,29
273.0,87
273.0,40
273.0,66
273.0,105
273.0,108
273.0,26
273.0,89
273.0,39
273.0,72
273.0,108
273.0,107
273.0,29
273.0,95
273.0,38
273.0,73
273.0,114
273.0,105
273.0,25
273.0,100
273.0,39
273.0,75
273.0,116
273.0,103
273.0,20
273.0,104
273.0,38
273.0,83
273.0,120
273.0,52
273.0,14
273.0,103
273.0,39
273.0,80
273.0,123
273.0,50
273.0,15
273.0,102
273.0,39
273.0,78
273.0,124
273.0,56
273.0,16
273.0,104
273.0,39
273.0,80
273.0,128
273.0,59
273.0,17
273.0,106
273.0,39
273.0,80
273.0,131
273.0,63
273.0,20
273.0,109
273.0,86
273.0,80
273.0,135
273.0,68
273.0,22
273.0,113
273.0,82
273.0,82
273.0,140
273.0,72
273.0,25
273.0,116
273.0,80
273.0,82
273.0,144
273.0,130
273.0,29
273.0,116
273.0,75
273.0,84
273.0,145
273.0,132
273.0,32
273.0,58
273.0,72
273.0,92
273.0,146
273.0,132
273.0,35
273.0,56
273.0,70
273.0,94
273.0,149
273.0,134
273.0,37
273.0,58
273.0,69
273.0,97
273.0,154
273.0,134
273.0,37
273.0,116
273.0,70
273.0,96
273.0,158
273.0,136
273.0,38
273.0,112
273.0,68
273.0,96
273.0,163
273.0,133
273.0,36
273.0,106
273.0,68
273.0,94
273.0,167
273.0,128
273.0,75
273.0,106
273.0,68
273.0,96
273.0,171
273.0,124
273.0,77
273.0,103
273.0,68
273.0,94
273.0,169
273.0,120
273.0,64
273.0,100
273.0,67
273.0,92
273.0,168
273.0,118
273.0,61
273.0,98
273.0,67
273.0,89
273.0,167
273.0,117
273.0,56
273.0,97
273.0,66
273.0,86
273.0,167
273.0,114
273.0,52
273.0,93
273.0,69
273.0,84
273.0,166
273.0,52
273.0,50
273.0,92
273.0,71
273.0,87
273.0,166
273.0,97
273.0,53
273.0,89
273.0,72
273.0,86
273.0,163
273.0,91
273.0,55
273.0,91
273.0,78
273.0,85
273.0,162
273.0,88
273.0,62
273.0,93
273.0,86
273.0,116
273.0,161
273.0,26
273.0,10
273.0,92
273.0,91
273.0,120
273.0,160
273.0,23
273.0,16
273.0,90
273.0,94
273.0,121
273.0,158
273.0,32
273.0,10
273.0,99
273.0,95
273.0,117
273.0,157
273.0,35
273.0,9
273.0,103
273.0,100
273.0,115
273.0,156
273.0,91
273.0,8
273.0,107
273.0,104
273.0,119
273.0,154
273.0,93
273.0,6
273.0,113
273.0,53
273.0,126
273.0,153
273.0,99
273.0,24
273.0,118
273.0,50
273.0,132
273.0,152
273.0,98
273.0,18
273.0,121
273.0,98
273.0,135
273.0,150
273.0,101
273.0,20
273.0,124
273.0,96
273.0,135
273.0,148
273.0,100
273.0,20
273.0,124
273.0,95
273.0,136
273.0,145
273.0,100
273.0,36
273.0,74
273.0,94
273.0,140
273.0,143
273.0,98
273.0,94
273.0,71
273.0,91
273.0,142
273.0,138
273.0,99
273.0,98
273.0,73
273.0,91
273.0,145
273.0,137
273.0,99
273.0,102
273.0,74
273.0,91
273.0,149
273.0,135
273.0,100
273.0,106
273.0,76
273.0,96
273.0,154
273.0,134
273.0,101
273.0,112
273.0,76
273.0,100
273.0,153
273.0,132
273.0,40
273.0,112
273.0,78
273.0,100
273.0,153
273.0,131
273.0,42
273.0,113
273.0,80
273.0,102
273.0,151
273.0,129
273.0,42
273.0,63
273.0,76
273.0,102
273.0,149
273.0,125
273.0,43
273.0,45
273.0,74
273.0,108
273.0,150
273.0,125
273.0,39
273.0,39
273.0,72
273.0,114
273.0,149
273.0,123
273.0,35
273.0,38
273.0,68
273.0,116
273.0,147
273.0,120
273.0,90
273.0,41
273.0,64
273.0,119
273.0,143
273.0,118
273.0,84
273.0,45
273.0,60
273.0,119
273.0,138
273.0,115
273.0,79
273.0,93
273.0,57
273.0,74
273.0,96
273.0,113
273.0,71
273.0,94
273.0,50
273.0,73
273.0,88
273.0,108
273.0,65
273.0,95
273.0,45
273.0,72
273.0,80
273.0,105
273.0,60
273.0,98
273.0,42
273.0,71
273.0,71
273.0,103
273.0,62
273.0,101
273.0,40
273.0,69
273.0,61
273.0,100
273.0,67
273.0,106
273.0,39
273.0,68
273.0,44
273.0,98
273.0,72
273.0,112
273.0,37
273.0,68
273.0,85
273.0,96
273.0,76
273.0,116
273.0,34
273.0,66
273.0,83
273.0,94
273.0,80
273.0,121
273.0,32
273.0,66
273.0,81
273.0,94
273.0,86
273.0,116
273.0,38
273.0,65
273.0,18
273.0,30
273.0,94
273.0,67
273.0,40
273.0,65
273.0,15
273.0,28
273.0,103
273.0,65
273.0,39
273.0,63
273.0,77
273.0,23
273.0,99
273.0,66
273.0,40
273.0,62
273.0,16
273.0,20
273.0,31
273.0,68
273.0,39
273.0,61
273.0,14
273.0,17
273.0,49
273.0,70
273.0,40
273.0,58
273.0,14
273.0,13
273.0,98
273.0,69
273.0,38
273.0,56
273.0,12
273.0,59
273.0,98
273.0,73
273.0,38
273.0,55
273.0,70
273.0,64
273.0,98
273.0,74
273.0,37
273.0,55
273.0,13
273.0,9
273.0,97
273.0,79
273.0,38
273.0,55
273.0,18
273.0,22
273.0,96
273.0,81
273.0,37
273.0,54
273.0,26
273.0,33
273.0,97
273.0,83
273.0,38
273.0,54
273.0,32
273.0,39
273.0,102
273.0,89
273.0,38
273.0,54
273.0,36
273.0,40
273.0,61
273.0,92
273.0,35
273.0,56
273.0,40
273.0,50
273.0,58
273.0,97
273.0,33
273.0,56
273.0,44
273.0,54
273.0,59
273.0,100
273.0,31
273.0,56
273.0,49
273.0,57
273.0,58
273.0,104
273.0,29
273.0,55
273.0,53
273.0,60
273.0,55
273.0,103
273.0,26
273.0,57
273.0,49
273.0,62
273.0,58
273.0,105
273.0,22
273.0,55
273.0,48
273.0,57
273.0,62
273.0,108
273.0,20
273.0,50
273.0,46
273.0,55
273.0,60
273.0,110
273.0,18
273.0,48
273.0,44
273.0,51
273.0,57
273.0,104
273.0,15
273.0,48
273.0,32
273.0,46
273.0,59
273.0,99
273.0,12
273.0,50
273.0,25
273.0,40
273.0,63
273.0,93
273.0,12
273.0,50
273.0,20
273.0,35
273.0,94
273.0,90
273.0,14
273.0,47
273.0,21
273.0,44
273.0,90
273.0,89
273.0,12
273.0,44
273.0,24
273.0,45
273.0,90
273.0,87
273.0,13
273.0,40
273.0,83
273.0,42
273.0,92
273.0,84
273.0,13
273.0,39
273.0,83
273.0,100
273.0,94
273.0,78
273.0,14
273.0,41
273.0,84
273.0,99
273.0,95
273.0,72
273.0,13
273.0,39
273.0,85
273.0,97
273.0,96
273.0,65
273.0,13
273.0,37
273.0,86
273.0,96
273.0,96
273.0,60
273.0,15
273.0,36
273.0,87
273.0,95
273.0,95
273.0,57
273.0,20
273.0,33
273.0,88
273.0,93
273.0,96
273.0,58
273.0,22
273.0,36
273.0,90
273.0,93
273.0,96
273.0,63
273.0,24
273.0,43
273.0,92
273.0,36
273.0,94
273.0,67
273.0,22
273.0,50
273.0,94
273.0,16
273.0,151
273.0,71
273.0,19
273.0,56
273.0,97
273.0,21
273.0,146
273.0,74
273.0,20
273.0,59
273.0,44
273.0,32
273.0,140
273.0,76
273.0,27
273.0,61
273.0,46
273.0,41
273.0,86
273.0,76
273.0,36
273.0,63
273.0,49
273.0,47
273.0,135
273.0,66
273.0,43
273.0,63
273.0,50
273.0,51
273.0,131
273.0,59
273.0,45
273.0,65
273.0,53
273.0,100
273.0,66
273.0,54
273.0,49
273.0,69
273.0,57
273.0,105
273.0,55
273.0,50
273.0,51
273.0,72
273.0,60
273.0,108
273.0,49
273.0,49
273.0,54
273.0,77
273.0,62
273.0,113
273.0,56
273.0,44
273.0,53
273.0,79
273.0,62
273.0,106
273.0,59
273.0,45
273.0,56
273.0,82
273.0,66
273.0,111
273.0,62
273.0,47
273.0,61
273.0,135
273.0,70
273.0,66
273.0,64
273.0,50
273.0,66
273.0,137
273.0,65
273.0,68
273.0,64
273.0,52
273.0,69
273.0,136
273.0,61
273.0,69
273.0,66
273.0,56
273.0,72
273.0,138
273.0,56
273.0,67
273.0,69
273.0,61
273.0,76
273.0,140
273.0,52
273.0,67
273.0,72
273.0,65
273.0,79
273.0,141
273.0,51
273.0,62
273.0,78
273.0,62
273.0,78
273.0,132
273.0,47
273.0,59
273.0,75
273.0,60
273.0,76
273.0,130
273.0,44
273.0,53
273.0,60
273.0,56
273.0,74
273.0,137
273.0,39
273.0,44
273.0,31
273.0,51
273.0,68
273.0,72
273.0,35
273.0,35
273.0,33
273.0,48
273.0,68
273.0,69
273.0,31
273.0,31
273.0,35
273.0,42
273.0,69
273.0,64
273.0,35
273.0,94
273.0,39
273.0,39
273.0,71
273.0,62
273.0,37
273.0,90
273.0,42
273.0,38
273.0,71
273.0,59
273.0,100
273.0,86
273.0,46
273.0,37
273.0,71
273.0,57
273.0,102
273.0,82
273.0,49
273.0,37
273.0,71
273.0,55
273.0,104
273.0,19
273.0,50
273.0,37
273.0,70
273.0,54
273.0,108
273.0,16
273.0,51
273.0,37
273.0,70
273.0,52
273.0,111
273.0,11
273.0,52
273.0,44
273.0,70
273.0,52
273.0,106
273.0,6
273.0,51
273.0,46
273.0,70
273.0,52
273.0,102
273.0,3
273.0,48
273.0,42
273.0,71
273.0,54
273.0,95
273.0,5
273.0,46
273.0,35
273.0,70
273.0,56
273.0,31
273.0,68
273.0,57
273.0,17
273.0,69
273.0,59
273.0,25
273.0,72
273.0,70
273.0,29
273.0,69
273.0,57
273.0,21
273.0,76
273.0,80
273.0,37
273.0,69
273.0,55
273.0,17
273.0,83
273.0,82
273.0,21
273.0,69
273.0,53
273.0,13
273.0,90
273.0,85
273.0,20
273.0,69
273.0,50
273.0,9
273.0,96
273.0,87
273.0,22
273.0,68
273.0,48
273.0,12
273.0,99
273.0,77
273.0,26
273.0,66
273.0,51
273.0,6
273.0,102
273.0,69
273.0,33
273.0,64
273.0,55
273.0,6
273.0,105
273.0,57
273.0,35
273.0,62
273.0,57
273.0,9
273.0,108
273.0,46
273.0,42
273.0,60
273.0,59
273.0,13
273.0,103
273.0,33
273.0,46
273.0,57
273.0,61
273.0,20
273.0,102
273.0,27
273.0,49
273.0,55
273.0,60
273.0,26
273.0,48
273.0,19
273.0,51
273.0,53
273.0,60
273.0,25
273.0,49
273.0,13
273.0,53
273.0,50
273.0,61
273.0,23
273.0,52
273.0,18
273.0,53
273.0,48
273.0,60
273.0,22
273.0,55
273.0,26
273.0,56
273.0,47
273.0,58
273.0,20
273.0,58
273.0,32
273.0,59
273.0,45
273.0,55
273.0,18
273.0,62
273.0,36
273.0,63
273.0,43
273.0,53
273.0,15
273.0,65
273.0,42
273.0,67
273.0,42
273.0,57
273.0,15
273.0,67
273.0,48
273.0,70
273.0,47
273.0,59
273.0,15
273.0,61
273.0,47
273.0,65
273.0,49
273.0,60
273.0,16
273.0,55
273.0,56
273.0,62
273.0,48
273.0,66
273.0,19
273.0,49
273.0,54
273.0,58
273.0,47
273.0,66
273.0,22
273.0,51
273.0,53
273.0,54
273.0,46
273.0,67
273.0,26
273.0,51
273.0,51
273.0,51
273.0,44
273.0,68
273.0,29
273.0,48
273.0,52
273.0,46
273.0,40
273.0,69
273.0,34
273.0,45
273.0,72
273.0,41
273.0,34
273.0,70
273.0,38
273.0,91
273.0,75
273.0,38
273.0,28
273.0,70
273.0,42
273.0,94
273.0,72
273.0,34
273.0,28
273.0,70
273.0,45
273.0,96
273.0,67
273.0,30
273.0,30
273.0,67
273.0,41
273.0,98
273.0,69
273.0,25
273.0,32
273.0,63
273.0,36
273.0,100
273.0,68
273.0,22
273.0,36
273.0,59
273.0,31
273.0,101
273.0,61
273.0,20
273.0,41
273.0,59
273.0,30
273.0,104
273.0,54
273.0,16
273.0,44
273.0,57
273.0,27
273.0,107
273.0,45
273.0,12
273.0,48
273.0,56
273.0,24
273.0,105
273.0,30
273.0,9
273.0,51
273.0,56
273.0,22
273.0,105
273.0,25
273.0,8
273.0,53
273.0,55
273.0,31
273.0,105
273.0,26
273.0,4
273.0,55
273.0,55
273.0,28
273.0,104
273.0,26
273.0,5
273.0,59
273.0,56
273.0,27
273.0,58
273.0,29
273.0,11
273.0,59
273.0,57
273.0,27
273.0,58
273.0,26
273.0,8
273.0,106
273.0,61
273.0,30
273.0,62
273.0,27
273.0,12
273.0,107
273.0,64
273.0,32
273.0,64
273.0,27
273.0,17
273.0,110
273.0,61
273.0,31
273.0,110
273.0,30
273.0,15
273.0,113
273.0,59
273.0,27
273.0,66
273.0,32
273.0,17
273.0,113
273.0,57
273.0,24
273.0,111
273.0,34
275.0,21
275.0,113
275.0,53
275.0,22
275.0,106
275.0,36
275.0,63
275.0,114
275.0,49
275.0,27
275.0,107
275.0,38
275.0,62
275.0,115
275.0,46
275.0,28
275.0,111
275.0,42
276.0,63
276.0,115
276.0,43
276.0,24
276.0,110
276.0,46
276.0,67
276.0,116
276.0,40
276.0,23
276.0,110
276.0,51
276.0,68
276.0,117
276.0,37
276.0,20
276.0,112
276.0,48
276.0,15
276.0,117
276.0,35
276.0,20
276.0,113
276.0,45
276.0,15
276.0,115
276.0,33
276.0,20
276.0,114
276.0,44
276.0,18
276.0,116
276.0,32
276.0,21
276.0,116
276.0,41
276.0,18
276.0,115
276.0,36
276.0,22
276.0,120
276.0,37
276.0,11
276.0,113
276.0,40
276.0,29
276.0,124
276.0,34
276.0,4
276.0,113
276.0,43
276.0,29
276.0,127
276.0,32
276.0,3
276.0,62
276.0,46
276.0,30
276.0,128
276.0,35
276.0,7
276.0,60
276.0,48
276.0,30
276.0,130
276.0,40
276.0,10
276.0,59
276.0,47
276.0,28
276.0,129
276.0,45
276.0,20
276.0,58
276.0,48
276.0,24
276.0,130
276.0,43
276.0,25
276.0,61
276.0,46
276.0,21
276.0,132
276.0,40
276.0,32
276.0,63
276.0,46
276.0,14
276.0,135
276.0,86
276.0,34
276.0,64
276.0,47
276.0,17
276.0,139
276.0,86
276.0,32
276.0,66
276.0,45
276.0,17
276.0,137
276.0,87
276.0,28
276.0,69
276.0,45
276.0,18
276.0,135
276.0,87
276.0,20
276.0,71
276.0,44
276.0,22
276.0,134
276.0,88
276.0,16
276.0,73
276.0,43
276.0,24
276.0,133
276.0,90
276.0,12
276.0,76
276.0,41
276.0,88
276.0,132
276.0,93
276.0,71
276.0,75
276.0,42
276.0,88
276.0,130
276.0,96
276.0,74
276.0,76
276.0,43
276.0,30
276.0,129
276.0,99
276.0,21
276.0,75
276.0,42
276.0,32
276.0,127
276.0,102
276.0,23
276.0,75
276.0,43
276.0,34
276.0,125
276.0,57
276.0,25
276.0,75
276.0,43
276.0,85
276.0,129
276.0,60
276.0,30
276.0,75
276.0,41
276.0,80
276.0,130
276.0,62
276.0,33
276.0,75
276.0,40
276.0,76
276.0,128
276.0,65
276.0,37
276.0,76
276.0,40
276.0,72
276.0,64
276.0,62
276.0,35
276.0,74
276.0,43
276.0,70
276.0,60
276.0,58
276.0,34
276.0,73
276.0,45
276.0,69
276.0,56
276.0,55
276.0,34
276.0,71
276.0,47
276.0,68
276.0,54
276.0,52
276.0,32
276.0,70
276.0,47
276.0,68
276.0,51
276.0,50
276.0,32
276.0,68
276.0,48
276.0,68
276.0,49
276.0,49
276.0,30
276.0,67
276.0,51
276.0,69
276.0,46
276.0,48
276.0,33
276.0,66
276.0,52
276.0,72
276.0,43
276.0,46
276.0,31
276.0,64
276.0,54
276.0,71
276.0,38
276.0,45
276.0,32
276.0,62
276.0,56
276.0,74
276.0,37
276.0,45
276.0,35
276.0,63
276.0,57
276.0,17
276.0,31
276.0,44
276.0,42
276.0,62
276.0,58
276.0,21
276.0,25
276.0,43
276.0,47
276.0,61
276.0,58
276.0,28
276.0,20
276.0,43
276.0,55
276.0,61
276.0,60
276.0,29
276.0,17
276.0,45
276.0,49
276.0,110
276.0,58
276.0,33
276.0,16
276.0,46
276.0,43
276.0,108
276.0,59
276.0,33
276.0,17
276.0,49
276.0,39
276.0,105
276.0,59
276.0,35
276.0,18
276.0,49
276.0,35
276.0,103
276.0,60
276.0,36
276.0,19
276.0,57
276.0,35
276.0,104
276.0,58
276.0,37
276.0,21
276.0,57
276.0,33
276.0,105
276.0,58
276.0,39
276.0,25
276.0,58
276.0,88
276.0,107
276.0,58
276.0,41
276.0,31
276.0,107
276.0,92
276.0,55
276.0,58
276.0,45
276.0,36
276.0,106
276.0,38
276.0,49
276.0,58
276.0,49
276.0,41
276.0,105
276.0,41
276.0,45
276.0,59
276.0,52
276.0,45
276.0,104
276.0,44
276.0,43
276.0,60
276.0,54
276.0,44
276.0,103
276.0,48
276.0,40
276.0,62
276.0,55
276.0,44
276.0,102
276.0,46
276.0,37
276.0,63
276.0,55
276.0,43
276.0,102
276.0,38
276.0,33
276.0,63
276.0,57
276.0,47
276.0,103
276.0,30
276.0,29
276.0,62
276.0,60
276.0,51
276.0,106
276.0,24
276.0,24
276.0,62
276.0,63
276.0,55
276.0,109
276.0,22
276.0,20
276.0,61
276.0,61
276.0,58
276.0,107
276.0,20
276.0,16
276.0,60
276.0,59
276.0,111
276.0,104
276.0,21
276.0,20
276.0,58
276.0,58
276.0,59
276.0,103
276.0,85
276.0,20
276.0,56
276.0,58
276.0,59
276.0,102
276.0,83
276.0,21
276.0,55
276.0,58
276.0,59
276.0,101
276.0,81
276.0,21
276.0,53
276.0,59
276.0,57
276.0,102
276.0,15
276.0,20
276.0,53
276.0,60
276.0,56
276.0,105
276.0,3
276.0,26
276.0,54
276.0,58
276.0,49
276.0,59
276.0,9
276.0,29
276.0,53
276.0,54
276.0,43
276.0,58
276.0,16
276.0,34
276.0,53
276.0,53
276.0,46
276.0,56
276.0,32
276.0,29
276.0,54
276.0,55
276.0,41
276.0,55
276.0,25
276.0,30
276.0,54
276.0,62
276.0,42
276.0,58
276.0,22
276.0,32
276.0,55
276.0,67
276.0,42
276.0,60
276.0,22
276.0,36
276.0,56
276.0,65
276.0,43
276.0,57
276.0,15
276.0,39
276.0,54
276.0,65
276.0,48
276.0,55
276.0,9
276.0,42
276.0,51
276.0,65
276.0,52
276.0,54
276.0,6
276.0,43
276.0,49
276.0,64
276.0,45
276.0,50
276.0,3
276.0,44
276.0,47
276.0,64
276.0,40
276.0,53
276.0,7
276.0,45
276.0,45
276.0,119
276.0,28
276.0,53
276.0,11
276.0,44
276.0,42
276.0,120
276.0,21
276.0,54
276.0,16
276.0,45
276.0,40
276.0,122
276.0,19
276.0,56
276.0,78
276.0,46
276.0,38
276.0,124
276.0,76
276.0,60
276.0,81
276.0,49
276.0,41
276.0,127
276.0,75
276.0,62
276.0,85
276.0,51
276.0,43
276.0,126
276.0,74
276.0,64
276.0,82
276.0,45
276.0,44
276.0,125
276.0,71
276.0,67
276.0,19
276.0,41
276.0,46
276.0,126
276.0,72
276.0,67
276.0,18
276.0,40
276.0,49
276.0,127
276.0,12
276.0,67
276.0,19
276.0,38
276.0,51
276.0,130
276.0,15
276.0,69
276.0,20
276.0,36
276.0,53
276.0,127
276.0,12
276.0,70
276.0,82
276.0,35
276.0,52
276.0,124
276.0,13
276.0,73
276.0,84
276.0,35
276.0,50
276.0,123
276.0,14
276.0,76
276.0,85
276.0,35
276.0,49
276.0,121
276.0,77
276.0,79
276.0,88
276.0,87
276.0,46
276.0,121
276.0,78
276.0,83
276.0,90
276.0,31
276.0,45
276.0,120
276.0,80
276.0,78
276.0,93
276.0,28
276.0,44
276.0,119
276.0,76
276.0,75
276.0,93
276.0,26
276.0,44
276.0,119
276.0,73
276.0,72
276.0,92
276.0,25
276.0,46
276.0,118
276.0,69
276.0,67
276.0,91
276.0,24
276.0,49
276.0,116
276.0,67
276.0,65
276.0,92
276.0,24
276.0,50
276.0,115
276.0,66
276.0,62
276.0,93
276.0,24
276.0,52
276.0,114
276.0,69
276.0,59
276.0,95
276.0,79
276.0,54
276.0,113
276.0,70
276.0,56
276.0,96
276.0,78
276.0,55
276.0,111
276.0,73
276.0,52
276.0,99
276.0,83
276.0,58
276.0,109
276.0,78
276.0,48
276.0,101
276.0,85
276.0,59
276.0,108
276.0,83
276.0,45
276.0,103
276.0,86
276.0,62
276.0,107
276.0,86
276.0,41
276.0,104
276.0,87
276.0,66
276.0,106
276.0,89
276.0,37
276.0,106
276.0,88
276.0,72
276.0,105
276.0,92
276.0,34
276.0,106
276.0,88
276.0,72
276.0,103
276.0,95
276.0,30
276.0,107
276.0,84
276.0,73
276.0,102
276.0,98
276.0,30
276.0,49
276.0,80
276.0,129
276.0,100
276.0,96
276.0,27
276.0,50
276.0,79
276.0,129
276.0,99
276.0,95
276.0,25
276.0,50
276.0,79
276.0,128
276.0,97
276.0,94
276.0,82
276.0,47
276.0,79
276.0,128
276.0,96
276.0,99
276.0,79
276.0,47
276.0,81
276.0,71
276.0,94
276.0,99
276.0,76
276.0,47
276.0,83
276.0,70
276.0,92
276.0,98
276.0,73
276.0,47
276.0,86
276.0,69
276.0,90
276.0,99
276.0,67
276.0,108
276.0,88
276.0,70
276.0,91
276.0,101
276.0,65
276.0,108
276.0,92
276.0,68
276.0,28
276.0,102
276.0,63
276.0,108
276.0,96
276.0,67
276.0,27
276.0,102
276.0,62
276.0,108
276.0,100
276.0,68
276.0,26
276.0,103
276.0,65
276.0,108
276.0,53
276.0,62
276.0,26
276.0,102
276.0,70
276.0,107
276.0,58
276.0,57
276.0,25
276.0,106
276.0,73
276.0,106
276.0,56
276.0,58
276.0,23
276.0,112
276.0,76
276.0,107
276.0,50
276.0,58
276.0,80
276.0,116
276.0,77
276.0,107
276.0,49
276.0,57
276.0,80
276.0,120
276.0,77
276.0,107
276.0,50
276.0,61
276.0,80
276.0,123
276.0,76
276.0,107
276.0,54
276.0,65
276.0,83
276.0,125
276.0,76
276.0,107
276.0,58
276.0,67
276.0,86
276.0,140
276.0,77
276.0,109
276.0,62
276.0,68
276.0,90
276.0,148
276.0,78
276.0,109
276.0,67
276.0,69
276.0,95
276.0,156
276.0,82
276.0,109
276.0,121
276.0,124
276.0,96
276.0,151
276.0,87
276.0,111
276.0,118
276.0,111
276.0,93
276.0,139
276.0,92
276.0,111
276.0,116
276.0,103
276.0,93
276.0,144
276.0,96
276.0,113
276.0,114
276.0,100
276.0,92
276.0,145
276.0,97
276.0,114
276.0,113
276.0,104
276.0,91
276.0,145
276.0,99
276.0,116
276.0,111
276.0,108
276.0,91
276.0,142
276.0,100
276.0,121
276.0,109
276.0,109
276.0,92
276.0,138
276.0,101
276.0,130
276.0,107
276.0,112
276.0,94
276.0,124
276.0,102
276.0,134
276.0,106
276.0,113
276.0,97
276.0,101
276.0,102
276.0,132
276.0,104
276.0,115
276.0,39
276.0,95
276.0,104
276.0,130
276.0,102
276.0,117
276.0,42
276.0,29
276.0,103
276.0,128
276.0,100
276.0,119
276.0,46
276.0,24
276.0,104
276.0,124
276.0,99
276.0,122
276.0,44
276.0,21
276.0,104
276.0,61
276.0,99
276.0,127
276.0,44
276.0,18
276.0,105
276.0,57
276.0,100
276.0,130
276.0,43
276.0,31
276.0,40
276.0,52
276.0,104
276.0,129
276.0,102
276.0,43
276.0,29
276.0,48
276.0,105
276.0,129
276.0,100
276.0,58
276.0,26
276.0,46
276.0,105
276.0,128
276.0,98
276.0,119
276.0,23
276.0,47
276.0,106
276.0,126
276.0,96
276.0,120
276.0,80
276.0,47
276.0,105
276.0,125
276.0,96
276.0,120
276.0,77
276.0,49
276.0,106
276.0,124
276.0,93
276.0,123
276.0,75
276.0,107
276.0,107
276.0,122
276.0,93
276.0,122
276.0,72
276.0,108
276.0,104
276.0,121
276.0,92
276.0,77
276.0,66
276.0,54
276.0,99
276.0,120
276.0,40
276.0,79
276.0,16
276.0,55
276.0,94
276.0,118
276.0,40
276.0,79
276.0,26
276.0,55
276.0,93
276.0,117
276.0,40
276.0,76
276.0,30
276.0,56
276.0,95
276.0,116
276.0,43
276.0,74
276.0,33
276.0,57
276.0,92
276.0,114
276.0,45
276.0,74
276.0,98
276.0,54
276.0,92
276.0,113
276.0,48
276.0,80
276.0,36
276.0,53
276.0,91
276.0,112
276.0,53
276.0,75
276.0,99
276.0,51
276.0,90
276.0,111
276.0,52
276.0,74
276.0,101
276.0,50
276.0,94
276.0,111
276.0,51
276.0,74
276.0,102
276.0,49
276.0,96
276.0,109
276.0,43
276.0,73
276.0,103
276.0,47
276.0,98
276.0,109
276.0,39
276.0,73
276.0,104
276.0,46
276.0,101
276.0,109
276.0,35
276.0,73
276.0,104
276.0,45
276.0,104
276.0,109
276.0,31
276.0,72
276.0,105
276.0,44
276.0,107
276.0,111
276.0,28
276.0,71
276.0,105
276.0,44
276.0,109
276.0,111
276.0,27
276.0,71
276.0,105
276.0,43
276.0,112
276.0,112
276.0,26
276.0,70
276.0,105
276.0,43
276.0,108
276.0,109
276.0,26
276.0,71
276.0,105
276.0,42
276.0,105
276.0,108
276.0,30
276.0,70
276.0,105
276.0,41
276.0,109
276.0,113
276.0,30
276.0,74
276.0,106
276.0,38
276.0,113
276.0,119
276.0,29
276.0,76
276.0,106
276.0,45
276.0,114
276.0,123
276.0,26
276.0,72
276.0,106
276.0,50
276.0,114
276.0,126
276.0,24
276.0,68
276.0,106
276.0,52
276.0,114
276.0,131
276.0,23
276.0,65
276.0,54
276.0,56
276.0,114
276.0,134
276.0,23
276.0,60
276.0,107
276.0,58
276.0,114
276.0,140
276.0,21
276.0,49
276.0,106
276.0,59
276.0,115
276.0,145
276.0,18
276.0,42
276.0,55
276.0,59
276.0,116
276.0,149
276.0,16
276.0,37
276.0,55
276.0,58
276.0,117
276.0,154
276.0,15
276.0,32
276.0,55
276.0,55
276.0,117
276.0,152
276.0,13
276.0,29
276.0,55
276.0,52
276.0,69
276.0,152
276.0,14
276.0,24
276.0,55
276.0,51
276.0,69
276.0,151
276.0,13
276.0,24
276.0,55
276.0,53
276.0,70
276.0,150
276.0,12
276.0,24
276.0,55
276.0,55
276.0,66
276.0,149
276.0,11
276.0,23
276.0,55
276.0,57
276.0,63
276.0,148
276.0,9
276.0,27
276.0,56
276.0,55
276.0,61
276.0,147
276.0,13
276.0,27
276.0,57
276.0,52
276.0,59
276.0,146
276.0,18
276.0,26
276.0,58
276.0,50
276.0,57
276.0,145
276.0,21
276.0,26
276.0,58
276.0,48
276.0,55
276.0,144
276.0,24
276.0,26
276.0,59
276.0,46
276.0,54
276.0,142
276.0,26
276.0,26
276.0,60
276.0,44
276.0,52
276.0,141
276.0,29
276.0,24
276.0,67
276.0,42
276.0,52
276.0,141
276.0,36
276.0,23
276.0,71
276.0,39
276.0,51
276.0,84
276.0,40
276.0,22
276.0,73
276.0,37
276.0,51
276.0,82
276.0,46
276.0,21
276.0,75
276.0,35
276.0,49
276.0,79
276.0,45
276.0,23
276.0,74
276.0,35
276.0,48
276.0,76
276.0,33
276.0,24
276.0,74
276.0,33
276.0,51
276.0,74
276.0,27
276.0,24
276.0,77
276.0,31
276.0,51
276.0,74
276.0,28
276.0,22
276.0,81
276.0,29
276.0,48
276.0,72
276.0,33
276.0,20
276.0,84
276.0,27
276.0,45
276.0,69
276.0,37
276.0,18
276.0,87
276.0,26
276.0,39
276.0,66
276.0,37
276.0,15
276.0,89
276.0,24
276.0,35
276.0,64
276.0,35
276.0,12
276.0,92
276.0,28
276.0,29
276.0,60
276.0,38
276.0,10
276.0,132
276.0,30
276.0,23
276.0,59
276.0,40
276.0,9
276.0,135
276.0,30
276.0,19
276.0,57
276.0,41
276.0,12
276.0,138
276.0,28
276.0,15
276.0,54
276.0,43
276.0,17
276.0,142
276.0,26
276.0,16
276.0,54
276.0,45
276.0,15
276.0,146
276.0,25
276.0,14
276.0,53
276.0,46
276.0,14
276.0,150
276.0,24
276.0,15
276.0,51
276.0,48
276.0,23
276.0,149
276.0,21
276.0,17
276.0,47
276.0,49
276.0,30
276.0,147
276.0,24
276.0,14
276.0,40
276.0,52
276.0,32
276.0,146
276.0,27
276.0,17
276.0,36
276.0,53
276.0,28
276.0,145
276.0,28
276.0,20
276.0,33
276.0,54
276.0,27
276.0,145
276.0,30
276.0,16
276.0,31
276.0,54
276.0,26
276.0,144
276.0,32
276.0,13
276.0,29
276.0,55
276.0,24
276.0,99
276.0,35
276.0,9
276.0,27
276.0,55
276.0,23
276.0,143
276.0,38
276.0,10
276.0,24
276.0,54
276.0,27
276.0,143
276.0,41
276.0,8
276.0,23
276.0,53
276.0,28
276.0,94
276.0,39
276.0,8
276.0,21
276.0,53
276.0,28
276.0,92
276.0,37
276.0,9
276.0,20
276.0,54
276.0,27
276.0,89
276.0,36
276.0,14
276.0,19
276.0,55
276.0,26
276.0,87
276.0,34
276.0,22
276.0,16
276.0,54
276.0,24
276.0,85
276.0,33
276.0,33
276.0,13
276.0,54
276.0,21
276.0,82
276.0,76
276.0,44
276.0,8
276.0,53
276.0,19
276.0,79
276.0,74
276.0,53
276.0,4
276.0,53
276.0,16
276.0,78
276.0,71
276.0,60
276.0,2
276.0,54
276.0,11
276.0,76
276.0,70
276.0,66
276.0,9
276.0,54
276.0,9
276.0,73
276.0,68
276.0,71
276.0,10
276.0,54
276.0,14
276.0,71
276.0,67
276.0,66
276.0,13
276.0,54
276.0,20
276.0,69
276.0,63
276.0,64
276.0,16
276.0,54
276.0,25
276.0,68
276.0,62
276.0,60
276.0,17
276.0,50
276.0,74
276.0,67
276.0,69
276.0,59
276.0,23
276.0,45
276.0,69
276.0,65
276.0,73
276.0,61
276.0,21
276.0,41
276.0,65
276.0,64
276.0,74
276.0,63
276.0,18
276.0,45
276.0,58
276.0,62
276.0,77
276.0,67
276.0,15
276.0,46
276.0,59
276.0,60
276.0,78
276.0,68
276.0,18
276.0,46
276.0,62
276.0,58
276.0,80
276.0,65
276.0,19
276.0,45
276.0,59
276.0,57
276.0,90
276.0,62
276.0,21
276.0,90
276.0,66
276.0,55
276.0,86
276.0,60
276.0,17
276.0,48
276.0,63
276.0,53
276.0,89
276.0,55
276.0,20
276.0,52
276.0,59
276.0,51
276.0,90
276.0,52
276.0,25
276.0,55
276.0,59
276.0,49
276.0,95
276.0,48
276.0,21
276.0,57
276.0,63
276.0,48
276.0,98
276.0,45
276.0,22
276.0,60
276.0,66
276.0,45
276.0,101
276.0,42
276.0,26
276.0,64
276.0,71
276.0,43
276.0,104
276.0,37
276.0,74
276.0,67
276.0,69
276.0,40
276.0,109
276.0,34
276.0,65
276.0,70
276.0,72
276.0,38
276.0,109
276.0,30
276.0,63
276.0,73
276.0,75
276.0,36
276.0,113
276.0,26
276.0,66
276.0,79
276.0,76
276.0,33
276.0,111
276.0,22
276.0,63
276.0,82
276.0,80
276.0,32
276.0,112
276.0,18
276.0,19
276.0,132
276.0,84
276.0,31
276.0,109
276.0,13
276.0,15
276.0,136
276.0,88
276.0,33
276.0,62
276.0,19
276.0,16
276.0,141
276.0,89
276.0,35
276.0,59
276.0,20
276.0,17
276.0,139
276.0,90
276.0,34
276.0,57
276.0,26
276.0,19
276.0,137
276.0,95
276.0,91
276.0,59
276.0,20
276.0,19
276.0,136
276.0,99
276.0,94
276.0,63
276.0,16
276.0,20
276.0,132
276.0,103
276.0,99
276.0,60
276.0,11
276.0,23
276.0,131
276.0,102
276.0,98
276.0,57
276.0,7
276.0,20
276.0,73
276.0,100
276.0,97
276.0,56
276.0,3
276.0,25
276.0,132
276.0,99
276.0,97
276.0,57
276.0,8
276.0,28
276.0,135
276.0,97
276.0,97
276.0,56
276.0,11
276.0,27
276.0,73
276.0,96
276.0,96
276.0,58
276.0,13
276.0,71
276.0,71
276.0,94
276.0,35
276.0,57
276.0,17
276.0,70
276.0,69
276.0,93
276.0,97
276.0,60
276.0,64
276.0,71
276.0,67
276.0,95
276.0,95
276.0,61
276.0,58
276.0,72
276.0,64
276.0,95
276.0,98
276.0,65
276.0,65
276.0,78
276.0,66
276.0,95
276.0,99
276.0,69
276.0,72
276.0,84
276.0,64
276.0,98
276.0,43
276.0,71
276.0,80
276.0,89
276.0,63
276.0,99
276.0,39
276.0,77
276.0,82
276.0,91
276.0,64
276.0,98
276.0,37
276.0,80
276.0,85
276.0,90
276.0,64
276.0,99
276.0,40
276.0,86
276.0,87
276.0,95
276.0,65
276.0,101
276.0,40
276.0,85
276.0,89
276.0,95
276.0,65
276.0,102
276.0,45
276.0,84
276.0,93
276.0,99
276.0,64
276.0,107
276.0,48
276.0,88
276.0,92
276.0,99
276.0,59
276.0,111
276.0,106
276.0,88
276.0,93
276.0,99
276.0,55
276.0,111
276.0,109
276.0,88
276.0,92
276.0,101
276.0,53
276.0,115
276.0,111
276.0,93
276.0,94
276.0,104
276.0,50
276.0,116
276.0,114
276.0,94
276.0,98
276.0,110
276.0,47
276.0,116
276.0,118
276.0,99
276.0,105
276.0,114
276.0,47
276.0,117
276.0,121
276.0,99
276.0,110
276.0,116
276.0,47
276.0,115
276.0,123
276.0,103
276.0,105
276.0,70
276.0,44
276.0,115
276.0,122
276.0,141
276.0,105
276.0,68
276.0,41
276.0,114
276.0,122
276.0,139
276.0,56
276.0,69
276.0,37
276.0,115
276.0,121
276.0,142
276.0,46
276.0,66
276.0,36
276.0,71
276.0,119
276.0,140
276.0,36
276.0,63
276.0,34
276.0,69
276.0,50
276.0,137
276.0,31
276.0,61
276.0,33
276.0,72
276.0,106
276.0,140
276.0,37
276.0,61
276.0,31
276.0,73
276.0,101
276.0,141
276.0,36
276.0,61
276.0,33
276.0,69
276.0,96
276.0,141
276.0,36
276.0,65
276.0,34
276.0,65
276.0,91
276.0,145
276.0,41
276.0,65
276.0,83
276.0,61
276.0,84
276.0,144
276.0,46
276.0,60
276.0,79
276.0,57
276.0,75
276.0,144
276.0,51
276.0,125
276.0,75
276.0,59
276.0,68
276.0,148
276.0,52
276.0,127
276.0,73
276.0,62
276.0,58
276.0,149
276.0,51
276.0,128
276.0,72
276.0,63
276.0,49
276.0,149
276.0,53
276.0,127
276.0,70
276.0,65
276.0,53
276.0,113
276.0,55
276.0,128
276.0,70
276.0,65
276.0,67
276.0,112
276.0,55
276.0,127
276.0,69
276.0,64
276.0,21
276.0,111
276.0,56
276.0,127
276.0,70
276.0,63
276.0,24
276.0,111
276.0,56
276.0,126
276.0,67
276.0,65
276.0,34
276.0,110
276.0,54
276.0,126
276.0,67
276.0,65
276.0,41
276.0,114
276.0,57
276.0,126
276.0,68
276.0,63
276.0,45
276.0,116
276.0,61
276.0,66
276.0,69
276.0,59
276.0,48
276.0,117
276.0,63
276.0,61
276.0,67
276.0,64
276.0,50
276.0,116
276.0,63
276.0,60
276.0,66
276.0,75
276.0,54
276.0,116
276.0,67
276.0,62
276.0,66
276.0,80
276.0,46
276.0,120
276.0,70
276.0,62
276.0,60
276.0,89
276.0,37
276.0,121
276.0,73
276.0,62
276.0,59
276.0,94
276.0,32
276.0,121
276.0,121
276.0,62
276.0,60
276.0,89
276.0,30
276.0,122
276.0,121
276.0,63
276.0,58
276.0,93
276.0,29
276.0,123
276.0,119
276.0,65
276.0,10
276.0,94
276.0,23
276.0,126
276.0,115
276.0,64
276.0,19
276.0,95
276.0,17
276.0,128
276.0,113
276.0,66
276.0,27
276.0,95
276.0,23
276.0,118
276.0,109
276.0,66
276.0,36
276.0,92
275.0,79
275.0,112
275.0,56
275.0,68
275.0,40
275.0,91
275.0,78
275.0,107
275.0,54
275.0,69
275.0,44
275.0,89
275.0,77
275.0,103
275.0,53
275.0,70
275.0,47
275.0,88
275.0,76
275.0,99
275.0,56
275.0,70
275.0,51
275.0,87
275.0,75
275.0,94
275.0,58
275.0,71
275.0,55
275.0,91
275.0,74
275.0,86
275.0,63
275.0,69
275.0,60
275.0,95
275.0,74
275.0,79
275.0,65
275.0,70
275.0,64
275.0,101
275.0,75
275.0,69
275.0,67
275.0,69
275.0,67
275.0,107
275.0,76
275.0,62
275.0,64
275.0,71
275.0,70
275.0,111
275.0,77
275.0,58
275.0,64
275.0,74
275.0,72
275.0,114
275.0,81
275.0,52
275.0,63
275.0,74
275.0,74
275.0,119
275.0,33
275.0,48
275.0,62
275.0,73
275.0,76
275.0,125
275.0,47
275.0,46
275.0,61
275.0,76
275.0,80
275.0,128
275.0,57
275.0,47
275.0,58
275.0,77
275.0,80
275.0,127
275.0,61
275.0,44
275.0,58
275.0,80
275.0,81
275.0,128
275.0,61
275.0,43
275.0,59
275.0,80
275.0,80
275.0,129
275.0,109
275.0,42
275.0,64
275.0,80
275.0,81
275.0,128
275.0,107
275.0,41
275.0,66
275.0,83
275.0,84
275.0,127
275.0,46
275.0,43
275.0,68
275.0,82
275.0,88
275.0,126
275.0,43
275.0,46
275.0,74
275.0,80
275.0,85
275.0,123
275.0,50
275.0,43
275.0,78
275.0,80
275.0,85
275.0,117
275.0,51
275.0,40
275.0,79
275.0,77
275.0,82
275.0,115
275.0,53
275.0,37
275.0,82
275.0,73
275.0,80
275.0,106
275.0,45
275.0,33
275.0,80
275.0,61
275.0,75
275.0,98
275.0,41
275.0,37
275.0,82
275.0,57
275.0,66
275.0,76
275.0,35
275.0,31
275.0,82
275.0,133
275.0,54
275.0,38
275.0,30
275.0,26
275.0,83
275.0,137
275.0,48
275.0,33
275.0,24
275.0,23
275.0,85
275.0,85
275.0,46
275.0,30
275.0,24
275.0,19
275.0,87
275.0,85
275.0,44
275.0,24
275.0,40
275.0,16
275.0,89
275.0,82
275.0,42
275.0,20
275.0,98
275.0,12
275.0,83
275.0,81
275.0,41
275.0,17
275.0,97
275.0,8
275.0,77
275.0,80
275.0,40
275.0,14
275.0,94
275.0,5
275.0,72
275.0,79
275.0,39
275.0,14
275.0,39
275.0,5
275.0,68
275.0,78
275.0,37
275.0,78
275.0,23
275.0,10
275.0,64
275.0,138
275.0,36
275.0,85
275.0,29
275.0,18
275.0,62
275.0,137
275.0,34
275.0,98
275.0,49
275.0,23
275.0,61
275.0,136
275.0,32
275.0,48
275.0,107
275.0,27
275.0,61
275.0,135
275.0,30
275.0,50
275.0,115
275.0,30
275.0,61
275.0,134
275.0,27
275.0,52
275.0,71
275.0,39
275.0,62
275.0,133
275.0,27
275.0,57
275.0,76
275.0,44
275.0,64
275.0,133
275.0,32
275.0,53
275.0,80
275.0,45
275.0,66
275.0,70
275.0,35
275.0,52
275.0,66
275.0,40
275.0,66
275.0,69
275.0,36
275.0,52
275.0,54
275.0,30
275.0,66
275.0,67
275.0,37
275.0,52
275.0,36
275.0,21
275.0,67
275.0,66
275.0,40
275.0,107
275.0,17
275.0,20
275.0,67
275.0,65
275.0,41
275.0,100
275.0,54
275.0,11
275.0,64
275.0,67
275.0,35
275.0,91
275.0,57
275.0,5
275.0,61
275.0,66
275.0,29
275.0,88
275.0,57
275.0,2
275.0,59
275.0,65
275.0,25
275.0,87
275.0,57
275.0,5
275.0,57
275.0,65
275.0,19
275.0,86
275.0,58
275.0,9
275.0,55
275.0,64
275.0,14
275.0,86
275.0,58
275.0,13
275.0,52
275.0,65
275.0,10
275.0,86
275.0,57
275.0,17
275.0,50
275.0,69
275.0,7
275.0,86
275.0,55
275.0,19
275.0,55
275.0,69
275.0,16
275.0,87
275.0,54
275.0,28
275.0,54
275.0,72
275.0,16
275.0,89
275.0,125
275.0,30
275.0,50
275.0,75
275.0,17
275.0,90
275.0,135
275.0,28
275.0,47
275.0,77
275.0,17
275.0,93
275.0,62
275.0,27
275.0,48
275.0,123
275.0,18
275.0,94
275.0,80
275.0,27
275.0,45
275.0,107
275.0,19
275.0,90
275.0,80
275.0,29
275.0,49
275.0,102
275.0,21
275.0,34
275.0,82
275.0,29
275.0,51
275.0,97
275.0,23
275.0,31
275.0,78
275.0,29
275.0,55
275.0,99
275.0,27
275.0,29
275.0,68
275.0,33
275.0,58
275.0,101
275.0,31
275.0,27
275.0,51
275.0,37
275.0,62
275.0,104
275.0,35
275.0,28
275.0,31
275.0,42
275.0,66
275.0,60
275.0,40
275.0,29
275.0,23
275.0,38
275.0,70
275.0,58
275.0,45
275.0,31
275.0,27
275.0,37
275.0,72
275.0,55
275.0,45
275.0,33
275.0,32
275.0,36
275.0,74
275.0,50
275.0,45
275.0,36
275.0,35
275.0,36
275.0,79
275.0,47
275.0,45
275.0,30
275.0,38
275.0,34
275.0,81
275.0,45
275.0,44
275.0,36
275.0,37
275.0,30
275.0,83
275.0,43
275.0,39
275.0,36
275.0,33
275.0,27
275.0,86
275.0,43
275.0,38
275.0,34
275.0,31
275.0,23
275.0,81
275.0,41
275.0,36
275.0,37
275.0,28
275.0,19
275.0,77
275.0,41
275.0,31
275.0,37
275.0,6
275.0,14
275.0,75
275.0,39
275.0,27
275.0,38
275.0,12
275.0,10
275.0,73
275.0,41
275.0,22
275.0,41
275.0,13
275.0,9
275.0,72
275.0,45
275.0,17
275.0,44
275.0,11
275.0,11
275.0,73
275.0,42
275.0,23
275.0,44
275.0,11
275.0,5
275.0,74
275.0,44
275.0,25
275.0,47
275.0,14
275.0,8
275.0,75
275.0,41
275.0,28
275.0,44
275.0,37
275.0,15
275.0,75
275.0,44
275.0,27
275.0,43
275.0,42
275.0,19
275.0,76
275.0,53
275.0,24
275.0,43
275.0,40
275.0,17
275.0,76
275.0,53
275.0,23
275.0,42
275.0,33
275.0,13
275.0,77
275.0,50
275.0,22
275.0,43
275.0,36
275.0,11
275.0,77
275.0,52
275.0,22
275.0,42
275.0,40
275.0,10
275.0,77
275.0,57
275.0,23
275.0,42
275.0,45
275.0,8
275.0,77
275.0,60
275.0,24
275.0,44
275.0,44
275.0,8
275.0,76
275.0,64
275.0,27
275.0,49
275.0,51
275.0,13
275.0,75
275.0,110
275.0,28
275.0,48
275.0,56
275.0,15
275.0,77
275.0,109
275.0,31
275.0,48
275.0,57
275.0,19
275.0,79
275.0,109
275.0,34
275.0,51
275.0,53
275.0,22
275.0,79
275.0,110
275.0,37
275.0,46
275.0,51
275.0,18
275.0,76
275.0,112
275.0,40
275.0,44
275.0,46
275.0,16
275.0,74
275.0,115
275.0,43
275.0,43
275.0,40
275.0,16
275.0,70
275.0,119
275.0,46
275.0,45
275.0,38
275.0,16
275.0,71
275.0,123
275.0,48
275.0,47
275.0,36
275.0,14
275.0,66
275.0,121
275.0,52
275.0,45
275.0,35
275.0,13
275.0,64
275.0,121
275.0,50
275.0,47
275.0,33
275.0,12
275.0,62
275.0,120
275.0,48
275.0,48
275.0,32
275.0,11
275.0,61
275.0,119
275.0,44
275.0,51
275.0,30
275.0,8
275.0,60
275.0,118
275.0,42
275.0,47
275.0,28
275.0,10
275.0,59
275.0,117
275.0,38
275.0,46
275.0,26
275.0,13
275.0,59
275.0,115
275.0,34
275.0,43
275.0,25
275.0,17
275.0,60
275.0,114
275.0,31
275.0,41
275.0,27
275.0,20
275.0,59
275.0,71
275.0,29
275.0,38
275.0,27
275.0,20
275.0,58
275.0,69
275.0,27
275.0,38
275.0,26
275.0,23
275.0,79
275.0,69
275.0,25
275.0,38
275.0,24
275.0,22
275.0,72
275.0,68
275.0,23
275.0,39
275.0,24
275.0,18
275.0,67
275.0,69
275.0,21
275.0,42
275.0,29
275.0,16
275.0,62
275.0,67
275.0,20
275.0,40
275.0,37
275.0,15
275.0,60
275.0,65
275.0,18
275.0,42
275.0,40
275.0,12
275.0,54
275.0,72
275.0,17
275.0,47
275.0,35
275.0,15
275.0,54
275.0,71
275.0,18
275.0,44
275.0,36
275.0,18
275.0,53
275.0,71
275.0,22
275.0,45
275.0,38
275.0,22
275.0,51
275.0,69
275.0,26
275.0,44
275.0,39
275.0,17
275.0,47
275.0,70
275.0,28
275.0,47
275.0,53
275.0,15
275.0,47
275.0,67
275.0,30
275.0,46
