30.0,70.0,70.0,2.0,1.2000000476837158,0.8999999761581421
1,50,29,hard,,10,3500.0,500.0

30.582193,79.33009,60.143196,2.0,1.2,0.8999999761581421,0.33894912546747946,87.05064255022444,97.15658300562063,0.0,0.0,0.0,7.993605792190378E-19

30.638723,79.40101,58.63858,2.0,1.2,0.8999999761581421,0.4079675477441924,88.37896280927816,129.08185709360987,0.0,0.0,0.0,7.993605792190378E-19

30.783077,79.29604,58.390633,2.0,1.2,0.8999999761581421,0.6132099637907231,86.41642282024259,134.77741074567894,0.0,0.0,0.0,7.993605792190378E-19

31.026224,79.02397,58.599773,2.0,1.2,0.8999999761581421,1.0531359780325147,81.43206267268397,129.96516637214518,0.0,0.0,0.0,7.993605792190378E-19

31.183567,78.694885,58.09255,2.0,1.2,0.8999999761581421,1.400830955026322,75.60102957859635,141.78740431218466,0.0,0.0,0.0,7.993605792190378E-19

31.328024,78.5307,57.06004,2.0,1.2,0.8999999761581421,1.7636475069193693,72.77285415306687,167.44257721713802,0.0,0.0,0.0,7.993605792190378E-19

31.458994,78.5775,56.89324,2.0,1.2,0.8999999761581421,2.1286632345036196,73.57349577941932,171.78710835526,0.0,0.0,0.0,7.993605792190378E-19

31.700321,78.60579,56.355225,2.0,1.2,0.8999999761581421,2.8910921747010434,74.05960748926736,186.17989546060562,0.0,0.0,0.0,7.993605792190378E-19

31.903448,78.65794,56.634865,2.0,1.2,0.8999999761581421,3.6231146878890286,74.9599895554129,178.62683872372145,0.0,0.0,0.0,7.993605792190378E-19

32.08561,78.716225,56.57329,2.0,1.2,0.8999999761581421,4.3497667196788825,75.97257250506664,180.2764936635649,0.0,0.0,0.0,7.993605792190378E-19

32.23412,78.690994,56.61088,2.0,1.2,0.8999999761581421,4.991289561745361,75.53338127420284,179.2684860284353,0.0,0.0,0.0,7.993605792190378E-19

32.320484,78.73014,57.087105,2.0,1.2,0.8999999761581421,5.384646743201301,76.21535639796639,166.74286251427839,0.0,0.0,0.0,7.993605792190378E-19

32.399788,78.5611,57.640144,2.0,1.2,0.8999999761581421,5.758981978578959,73.2923679985106,152.76603173470357,0.0,0.0,0.0,7.993605792190378E-19

32.457207,78.604866,57.708977,2.0,1.2,0.8999999761581421,6.037864894664381,74.0437193569378,151.06925264006713,0.0,0.0,0.0,7.993605792190378E-19

32.427456,78.584984,57.640076,2.0,1.2,0.8999999761581421,5.892542156638228,73.70194728724891,152.7677291072905,0.0,0.0,0.0,7.993605792190378E-19

32.37191,78.60736,57.60609,2.0,1.2,0.8999999761581421,5.625957499782089,74.0866606272757,153.6089915625198,0.0,0.0,0.0,7.993605792190378E-19

32.287838,78.566635,57.470173,2.0,1.2,0.8999999761581421,5.234202632695087,73.38723748200573,156.99656760496146,0.0,0.0,0.0,7.993605792190378E-19

32.199017,78.488846,57.213287,2.0,1.2,0.8999999761581421,4.835673879730166,72.06050344393589,163.50002030376345,0.0,0.0,0.0,7.993605792190378E-19

32.1929,78.51053,57.260674,2.0,1.2,0.8999999761581421,4.808817476965487,72.42909644637257,162.29043908888707,0.0,0.0,0.0,7.993605792190378E-19

32.007763,78.34758,57.07533,2.0,1.2,0.8999999761581421,4.031111898497329,69.68209112272598,167.04712493265106,0.0,0.0,0.0,7.993605792190378E-19

32.013844,78.34994,57.043022,2.0,1.2,0.8999999761581421,4.0555657890072325,69.72145523462677,167.8832748560817,0.0,0.0,0.0,7.993605792190378E-19

32.008125,78.190926,56.919212,2.0,1.2,0.8999999761581421,4.032567241287325,67.09126215433935,171.1070057717734,0.0,0.0,0.0,7.993605792190378E-19

31.942123,78.224144,56.509575,2.0,1.2,0.8999999761581421,3.771843351656571,67.63654423557455,181.99156964482972,0.0,0.0,0.0,7.993605792190378E-19

31.893478,78.142784,56.52535,2.0,1.2,0.8999999761581421,3.58526042685844,66.30493320297683,181.5662286448205,0.0,0.0,0.0,7.993605792190378E-19

31.8634,78.08621,56.837654,2.0,1.2,0.8999999761581421,3.4722577175271,65.38682706747204,173.24734922876814,0.0,0.0,0.0,7.993605792190378E-19

31.83524,78.03864,56.81208,2.0,1.2,0.8999999761581421,3.3681036934867734,64.6197794052423,173.92122381652007,0.0,0.0,0.0,7.993605792190378E-19

31.808786,77.94707,57.726513,2.0,1.2,0.8999999761581421,3.271708212650992,63.155878046760336,150.63848537452577,0.0,0.0,0.0,7.993605792190378E-19

31.821712,77.9428,57.552788,2.0,1.2,0.8999999761581421,3.3186364104185486,63.08811042929301,154.93309203075478,0.0,0.0,0.0,7.993605792190378E-19

31.85824,77.975395,57.57741,2.0,1.2,0.8999999761581421,3.4530563716871256,63.60692863824079,154.320701273522,0.0,0.0,0.0,7.993605792190378E-19

31.915054,77.91855,57.569958,2.0,1.2,0.8999999761581421,3.667433053487912,62.70341167692095,154.50595075557067,0.0,0.0,0.0,7.993605792190378E-19

31.958826,77.81933,57.437695,2.0,1.2,0.8999999761581421,3.8369995531720633,61.14189518993953,157.8115182301408,0.0,0.0,0.0,7.993605792190378E-19

32.01041,77.802444,57.305046,2.0,1.2,0.8999999761581421,4.041749609881663,60.87813952029683,161.16185499174753,0.0,0.0,0.0,7.993605792190378E-19

32.059284,77.79374,57.124535,2.0,1.2,0.8999999761581421,4.240651458399952,60.74237257015193,165.77760908805067,0.0,0.0,0.0,7.993605792190378E-19

32.128468,77.90039,56.818855,2.0,1.2,0.8999999761581421,4.530374153182493,62.41617202758789,173.7425759807811,0.0,0.0,0.0,7.993605792190378E-19

32.19764,77.996124,56.687035,2.0,1.2,0.8999999761581421,4.829619219584856,63.938003302551806,177.23504755698377,0.0,0.0,0.0,7.993605792190378E-19

32.275253,78.02687,56.529327,2.0,1.2,0.8999999761581421,5.176777560496703,64.43065367662348,181.45902049634606,0.0,0.0,0.0,7.993605792190378E-19

32.30417,78.0822,56.366905,2.0,1.2,0.8999999761581421,5.309193403460085,65.32194223836996,185.86127348762238,0.0,0.0,0.0,7.993605792190378E-19

32.355373,78.118484,56.14911,2.0,1.2,0.8999999761581421,5.547783771311515,65.909790529171,191.8471846319735,0.0,0.0,0.0,7.993605792190378E-19

32.40533,78.153885,55.725903,2.0,1.2,0.8999999761581421,5.785615574117401,66.485838761786,203.74985780160932,0.0,0.0,0.0,7.993605792190378E-19

32.45563,78.144424,55.74073,2.0,1.2,0.8999999761581421,6.03012486595253,66.33164943405427,203.3267727867351,0.0,0.0,0.0,7.993605792190378E-19

32.475533,78.19588,55.98467,2.0,1.2,0.8999999761581421,6.1282613156945445,67.17240103171207,196.42951056048332,0.0,0.0,0.0,7.993605792190378E-19

32.512302,78.24569,56.02166,2.0,1.2,0.8999999761581421,6.311663342421525,67.99139355082298,195.39399331907043,0.0,0.0,0.0,7.993605792190378E-19

32.5552,78.28047,56.05589,2.0,1.2,0.8999999761581421,6.529040240275208,68.56621325970627,194.43822796492896,0.0,0.0,0.0,7.993605792190378E-19

32.6348,78.422134,56.5526,2.0,1.2,0.8999999761581421,6.9421708148584,70.93234784179367,180.83254361445142,0.0,0.0,0.0,7.993605792190378E-19

32.719845,78.65611,57.20462,2.0,1.2,0.8999999761581421,7.397555834628292,74.92828657128848,163.7217400977388,0.0,0.0,0.0,7.993605792190378E-19

32.835022,78.821846,57.889324,2.0,1.2,0.8999999761581421,8.037349585443735,77.82496699417243,146.6684686177323,0.0,0.0,0.0,7.993605792190378E-19

32.938972,78.94093,58.59093,2.0,1.2,0.8999999761581421,8.637559197901282,79.94028697931208,130.16685684504046,0.0,0.0,0.0,7.993605792190378E-19

32.97717,79.03662,58.91105,2.0,1.2,0.8999999761581421,8.863535474069067,81.66052079200745,122.9648367385962,0.0,0.0,0.0,7.993605792190378E-19

33.029167,79.06439,58.97347,2.0,1.2,0.8999999761581421,9.175853775872383,82.16320395842195,121.5843907342205,0.0,0.0,0.0,7.993605792190378E-19

33.11644,79.3195,59.186035,2.0,1.2,0.8999999761581421,9.71219714754261,86.85315078333952,116.94183564186096,0.0,0.0,0.0,7.993605792190378E-19

33.204784,79.32289,59.42678,2.0,1.2,0.8999999761581421,10.27064300760685,86.91630098619498,111.79296635143692,0.0,0.0,0.0,7.993605792190378E-19

33.25111,79.19972,59.966015,2.0,1.2,0.8999999761581421,10.569716732148663,84.63489021384157,100.68085774838983,0.0,0.0,0.0,7.993605792190378E-19

33.245125,79.112656,60.49472,2.0,1.2,0.8999999761581421,10.530835077224765,83.04049280681647,90.35033915285021,0.0,0.0,0.0,7.993605792190378E-19

33.242313,78.92457,60.703175,2.0,1.2,0.8999999761581421,10.512596086613485,79.64791713288287,86.4309626842296,0.0,0.0,0.0,7.993605792190378E-19

33.271008,78.8695,60.8715,2.0,1.2,0.8999999761581421,10.699490312617854,78.66801617486635,83.32954679388786,0.0,0.0,0.0,7.993605792190378E-19

33.318623,78.936104,61.28124,2.0,1.2,0.8999999761581421,11.013255888959975,79.85395149613032,76.01680111898168,0.0,0.0,0.0,7.993605792190378E-19

33.39341,78.88516,61.50716,2.0,1.2,0.8999999761581421,11.515229588898364,78.94611004833132,72.12832809322572,0.0,0.0,0.0,7.993605792190378E-19

33.516327,78.83519,61.921368,2.0,1.2,0.8999999761581421,12.364554897882044,78.0605791436974,65.26430072299263,0.0,0.0,0.0,7.993605792190378E-19

33.65569,78.79826,62.269585,2.0,1.2,0.8999999761581421,13.364063815810368,77.40944149182178,59.759321394434664,0.0,0.0,0.0,7.993605792190378E-19

33.75843,78.78038,62.230724,2.0,1.2,0.8999999761581421,14.125799680186901,77.09507731744088,60.36164436316176,0.0,0.0,0.0,7.993605792190378E-19

33.871346,78.87799,62.284107,2.0,1.2,0.8999999761581421,14.987316135375295,78.81871927157044,59.53500157374947,0.0,0.0,0.0,7.993605792190378E-19

33.831272,79.0494,61.875385,2.0,1.2,0.8999999761581421,14.678646097672754,81.89164632518077,66.00936427655688,0.0,0.0,0.0,7.993605792190378E-19

33.861076,79.17825,61.809395,2.0,1.2,0.8999999761581421,14.907910618989263,84.24033132288605,67.08601294556865,0.0,0.0,0.0,7.993605792190378E-19

33.937843,79.22084,61.725014,2.0,1.2,0.8999999761581421,15.506610034557525,85.02389867999591,68.4753977205255,0.0,0.0,0.0,7.993605792190378E-19

33.966515,79.290115,61.792103,2.0,1.2,0.8999999761581421,15.733237972075585,86.30624333606102,67.3695762205316,0.0,0.0,0.0,7.993605792190378E-19

34.04937,79.363075,61.810555,2.0,1.2,0.8999999761581421,16.397395874431822,87.66717825602973,67.0670175254927,0.0,0.0,0.0,7.993605792190378E-19

34.104374,79.37877,61.974426,2.0,1.2,0.8999999761581421,16.84588537273521,87.96130647161044,64.40983370319009,0.0,0.0,0.0,7.993605792190378E-19

34.154716,79.28496,61.997658,2.0,1.2,0.8999999761581421,17.261669126397464,86.21044294000603,64.03748107195133,0.0,0.0,0.0,7.993605792190378E-19

34.198753,79.16165,61.921253,2.0,1.2,0.8999999761581421,17.629529752361123,83.93586024735123,65.26614978829457,0.0,0.0,0.0,7.993605792190378E-19

34.26023,79.06215,62.02527,2.0,1.2,0.8999999761581421,18.14956832729513,82.12254536547698,63.596341624855995,0.0,0.0,0.0,7.993605792190378E-19

34.331963,78.966194,61.925457,2.0,1.2,0.8999999761581421,18.76589984173188,80.3926375862793,65.19824464702106,0.0,0.0,0.0,7.993605792190378E-19

34.42563,78.941055,61.880207,2.0,1.2,0.8999999761581421,19.586189054884017,79.9424698392395,65.9310373597691,0.0,0.0,0.0,7.993605792190378E-19

34.513325,78.963394,62.126198,2.0,1.2,0.8999999761581421,20.3701001865702,80.34243495785631,61.996760849433485,0.0,0.0,0.0,7.993605792190378E-19

34.556236,78.88516,62.11912,2.0,1.2,0.8999999761581421,20.759288921544794,78.94611004833132,62.108245119816274,0.0,0.0,0.0,7.993605792190378E-19

34.580727,78.806564,62.173298,2.0,1.2,0.8999999761581421,20.983056399563793,77.5555753170047,61.25726604265219,0.0,0.0,0.0,7.993605792190378E-19

34.618374,78.739685,62.211437,2.0,1.2,0.8999999761581421,21.329377210946404,76.38209492340684,60.66171009479149,0.0,0.0,0.0,7.993605792190378E-19

34.666157,78.74977,62.259045,2.0,1.2,0.8999999761581421,21.77301899100712,76.55849462025799,59.922389773782925,0.0,0.0,0.0,7.993605792190378E-19

34.69391,78.78206,62.23638,2.0,1.2,0.8999999761581421,22.032778803259134,77.12455528811552,60.27377173589775,0.0,0.0,0.0,7.993605792190378E-19

34.74206,78.77733,62.384216,2.0,1.2,0.8999999761581421,22.48714836036379,77.04149544262327,58.00016123428941,0.0,0.0,0.0,7.993605792190378E-19

34.794914,78.79045,62.51353,2.0,1.2,0.8999999761581421,22.99120262271026,77.27202965901233,56.04722211266926,0.0,0.0,0.0,7.993605792190378E-19

34.847435,78.79605,62.584003,2.0,1.2,0.8999999761581421,23.497626055555884,77.37051364127547,54.99700485206267,0.0,0.0,0.0,7.993605792190378E-19

34.798252,78.755775,62.576763,2.0,1.2,0.8999999761581421,23.02322326997819,76.66360375989461,55.10444528552762,0.0,0.0,0.0,7.993605792190378E-19

34.796288,78.78759,62.588387,2.0,1.2,0.8999999761581421,23.00437413394684,77.2217384800897,54.93201414501527,0.0,0.0,0.0,7.993605792190378E-19

34.790813,78.81053,62.58614,2.0,1.2,0.8999999761581421,22.95189347480482,77.62546736025251,54.96532485996431,0.0,0.0,0.0,7.993605792190378E-19

34.760933,78.90166,62.58382,2.0,1.2,0.8999999761581421,22.666482291242573,79.23949920595624,54.99972070463991,0.0,0.0,0.0,7.993605792190378E-19

34.750168,79.00317,62.494904,2.0,1.2,0.8999999761581421,22.56409457162954,81.05700160196284,56.32647250685841,0.0,0.0,0.0,7.993605792190378E-19

34.747726,79.0801,62.36367,2.0,1.2,0.8999999761581421,22.54090635315515,82.44823440961773,58.31353053689236,0.0,0.0,0.0,7.993605792190378E-19

34.8124,79.16137,62.207054,2.0,1.2,0.8999999761581421,23.159201631846372,83.93068788578967,60.73000520520145,0.0,0.0,0.0,7.993605792190378E-19

34.85536,79.261826,62.063866,2.0,1.2,0.8999999761581421,23.574502510149614,85.78141273208894,62.9822282367968,0.0,0.0,0.0,7.993605792190378E-19

34.893303,79.29763,61.855125,2.0,1.2,0.8999999761581421,23.944413442222867,86.44592938252026,66.33898180589313,0.0,0.0,0.0,7.993605792190378E-19

34.924362,79.28708,61.802277,2.0,1.2,0.8999999761581421,24.24934290559031,86.2498337039724,67.20266875717789,0.0,0.0,0.0,7.993605792190378E-19

34.936287,79.16764,61.910957,2.0,1.2,0.8999999761581421,24.366928618459497,84.04563574824715,65.43261121312389,0.0,0.0,0.0,7.993605792190378E-19

34.93379,79.14503,61.828938,2.0,1.2,0.8999999761581421,24.342266984880553,83.63152176892618,66.76626188018417,0.0,0.0,0.0,7.993605792190378E-19

34.886757,79.04684,61.816612,2.0,1.2,0.8999999761581421,23.880392970109824,81.84525704529369,66.96783517074073,0.0,0.0,0.0,7.993605792190378E-19

34.828636,78.953995,61.668537,2.0,1.2,0.8999999761581421,23.31572725676233,80.17402200051583,69.41327338934934,0.0,0.0,0.0,7.993605792190378E-19

34.726936,78.85188,61.792107,2.0,1.2,0.8999999761581421,22.343927165551577,78.35583148733713,67.36951359926024,0.0,0.0,0.0,7.993605792190378E-19

34.76314,78.76701,61.951225,2.0,1.2,0.8999999761581421,22.68751820725447,76.86052658245899,64.78277448104927,0.0,0.0,0.0,7.993605792190378E-19

34.77349,78.60085,62.151695,2.0,1.2,0.8999999761581421,22.786215427389834,73.97467174805934,61.59588742587948,0.0,0.0,0.0,7.993605792190378E-19

34.77138,78.50549,62.198753,2.0,1.2,0.8999999761581421,22.76608025598398,72.34341396391392,60.85944918595487,0.0,0.0,0.0,7.993605792190378E-19

34.73425,78.49928,62.26548,2.0,1.2,0.8999999761581421,22.413114682785817,72.23780874186195,59.822798988374416,0.0,0.0,0.0,7.993605792190378E-19

34.727654,78.40788,62.475964,2.0,1.2,0.8999999761581421,22.350707648380194,70.69249133602716,56.611123860944645,0.0,0.0,0.0,7.993605792190378E-19

34.763405,78.299225,62.749134,2.0,1.2,0.8999999761581421,22.690025728719775,68.87713316921145,52.575056825895444,0.0,0.0,0.0,7.993605792190378E-19

34.806652,78.18918,62.85314,2.0,1.2,0.8999999761581421,23.103904113304452,67.06264396104962,51.07758235005895,0.0,0.0,0.0,7.993605792190378E-19

34.902924,78.080574,62.99989,2.0,1.2,0.8999999761581421,24.03865967039019,65.29567674553255,49.001548779328004,0.0,0.0,0.0,7.993605792190378E-19

34.9881,78.02844,63.06837,2.0,1.2,0.8999999761581421,24.8811230994761,64.45588709414005,48.04748310161813,0.0,0.0,0.0,7.993605792190378E-19

35.055244,77.868744,63.12615,2.0,1.2,0.8999999761581421,25.555496406799648,61.917130508460104,47.249838240109966,0.0,0.0,0.0,7.993605792190378E-19

35.139404,77.75018,63.171104,2.0,1.2,0.8999999761581421,26.413476526737213,60.06533816829324,46.633814690227155,0.0,0.0,0.0,7.993605792190378E-19

35.20538,77.63179,63.04621,2.0,1.2,0.8999999761581421,27.095975594143965,58.2442210635636,48.3551780814887,0.0,0.0,0.0,7.993605792190378E-19

35.26771,77.47539,62.936302,2.0,1.2,0.8999999761581421,27.748785915915505,55.88141937018372,49.895826820808,0.0,0.0,0.0,7.993605792190378E-19

35.335403,77.44713,62.868996,2.0,1.2,0.8999999761581421,28.466529892990366,55.459719855571166,50.85122280434007,0.0,0.0,0.0,7.993605792190378E-19

35.422714,77.43348,62.884167,2.0,1.2,0.8999999761581421,29.405829657102004,55.25661463855067,50.63508330391778,0.0,0.0,0.0,7.993605792190378E-19

35.4984,77.43037,62.871967,2.0,1.2,0.8999999761581421,30.232420615051524,55.21034656377742,50.80884994882217,0.0,0.0,0.0,7.993605792190378E-19

35.601627,77.42657,62.931953,2.0,1.2,0.8999999761581421,31.37822896662692,55.15389855863759,49.957282313203905,0.0,0.0,0.0,7.993605792190378E-19

35.65442,77.45153,63.0814,2.0,1.2,0.8999999761581421,31.972453609108925,55.525306144787464,47.867000707788975,0.0,0.0,0.0,7.993605792190378E-19

35.70941,77.45833,63.070393,2.0,1.2,0.8999999761581421,32.59738105908036,55.62666024104692,48.01945859835541,0.0,0.0,0.0,7.993605792190378E-19

35.767784,77.50802,63.47946,2.0,1.2,0.8999999761581421,33.267333639378194,56.37034170102561,42.51742011401802,0.0,0.0,0.0,7.993605792190378E-19

35.807655,77.61018,63.713978,2.0,1.2,0.8999999761581421,33.7288604840287,57.91489618853666,39.51407492639555,0.0,0.0,0.0,7.993605792190378E-19

35.852253,77.70049,63.86106,2.0,1.2,0.8999999761581421,34.2488647102291,59.29759026976535,37.68657086469466,0.0,0.0,0.0,7.993605792190378E-19

35.861412,77.79322,63.915535,2.0,1.2,0.8999999761581421,34.35615120042348,60.73428607365349,37.02071466302732,0.0,0.0,0.0,7.993605792190378E-19

35.874302,77.888885,64.14371,2.0,1.2,0.8999999761581421,34.50742293453368,62.23451440129429,34.2961644763127,0.0,0.0,0.0,7.993605792190378E-19

35.89557,78.012634,64.37112,2.0,1.2,0.8999999761581421,34.75773203745484,64.202308062464,31.684327900933567,0.0,0.0,0.0,7.993605792190378E-19

35.922344,78.10492,64.53706,2.0,1.2,0.8999999761581421,35.074160915231914,65.68971902504563,29.843674125382677,0.0,0.0,0.0,7.993605792190378E-19

35.975346,78.144745,64.82695,2.0,1.2,0.8999999761581421,35.70475517773593,66.33686904702336,26.76044554472901,0.0,0.0,0.0,7.993605792190378E-19

36.047794,78.105896,64.978,2.0,1.2,0.8999999761581421,36.57581640362332,65.70554989948869,25.22051587793976,0.0,0.0,0.0,7.993605792190378E-19

36.081875,78.00864,65.34369,2.0,1.2,0.8999999761581421,36.98920165958407,64.13825818244368,21.68123245611787,0.0,0.0,0.0,7.993605792190378E-19

36.129005,78.01389,66.56224,2.0,1.2,0.8999999761581421,37.56470758706564,64.2224830580526,11.818189688259736,0.0,0.0,0.0,7.993605792190378E-19

36.17196,78.06741,66.90675,2.0,1.2,0.8999999761581421,38.09307695139432,65.08315783832222,9.568173662060872,0.0,0.0,0.0,7.993605792190378E-19

36.213943,78.22128,67.344795,2.0,1.2,0.8999999761581421,38.61309359059669,67.58949349168688,7.050112386292312,0.0,0.0,0.0,7.993605792190378E-19

36.249687,78.25404,67.896385,2.0,1.2,0.8999999761581421,39.05859003314981,68.12923540570773,4.425195256771985,0.0,0.0,0.0,7.993605792190378E-19

36.25667,78.30448,68.35121,2.0,1.2,0.8999999761581421,39.14594333329296,68.96441308927024,2.7185033599380404,0.0,0.0,0.0,7.993605792190378E-19

36.24047,78.379745,68.607216,2.0,1.2,0.8999999761581421,38.94347688189009,70.22013436653651,1.939847601170186,0.0,0.0,0.0,7.993605792190378E-19

36.24785,78.449585,69.17317,2.0,1.2,0.8999999761581421,39.03561101318337,71.39548601210117,0.6836445464286953,0.0,0.0,0.0,7.993605792190378E-19

36.276047,78.48264,69.699844,2.0,1.2,0.8999999761581421,39.388762844959274,71.95523442752892,0.09009340801276267,0.0,0.0,0.0,7.993605792190378E-19

36.301826,78.566025,70.18109,2.0,1.2,0.8999999761581421,39.71301694685826,73.3767805362586,0.03279406204819679,0.0,0.0,0.0,7.993605792190378E-19

36.329082,78.69881,70.68248,2.0,1.2,0.8999999761581421,40.057285152739496,75.6692390947137,0.4657787571195513,0.0,0.0,0.0,7.993605792190378E-19

36.3869,78.766754,70.93334,2.0,1.2,0.8999999761581421,40.79251531139016,76.85597833339125,0.8711272515938617,0.0,0.0,0.0,7.993605792190378E-19

36.43126,78.783844,71.06703,2.0,1.2,0.8999999761581421,41.36109432228841,77.15591531340033,1.1385569910053164,0.0,0.0,0.0,7.993605792190378E-19

36.481255,78.7717,71.334015,2.0,1.2,0.8999999761581421,42.00666090013692,76.94268576893955,1.7795957336202264,0.0,0.0,0.0,7.993605792190378E-19

36.520847,78.75839,71.50032,2.0,1.2,0.8999999761581421,42.52144977801072,76.70943627599627,2.2509614063892514,0.0,0.0,0.0,7.993605792190378E-19

36.560356,78.66838,71.63286,2.0,1.2,0.8999999761581421,43.03827268542955,75.14082460687496,2.6662261507008225,0.0,0.0,0.0,7.993605792190378E-19

36.612373,78.54458,71.660126,2.0,1.2,0.8999999761581421,43.723481346911285,73.00982263550395,2.756017447449267,0.0,0.0,0.0,7.993605792190378E-19

36.657104,78.51639,71.66776,2.0,1.2,0.8999999761581421,44.31704021990299,72.52886353526264,2.781432611460332,0.0,0.0,0.0,7.993605792190378E-19

36.689346,78.44162,71.68294,2.0,1.2,0.8999999761581421,44.74735410162248,71.26094608101994,2.832279039779678,0.0,0.0,0.0,7.993605792190378E-19

36.727455,78.36177,71.63002,2.0,1.2,0.8999999761581421,45.2586526494124,69.9192080667708,2.656965662026778,0.0,0.0,0.0,7.993605792190378E-19

36.76922,78.28587,71.57075,2.0,1.2,0.8999999761581421,45.822318353748415,68.6556982176844,2.4672473176033236,0.0,0.0,0.0,7.993605792190378E-19

36.822918,78.44922,71.4767,2.0,1.2,0.8999999761581421,46.55220919185376,71.38929748535156,2.180642385268584,0.0,0.0,0.0,7.993605792190378E-19

36.90363,78.44873,71.37582,2.0,1.2,0.8999999761581421,47.660097552943625,71.3810465335846,1.89287061576033,0.0,0.0,0.0,7.993605792190378E-19

36.949615,78.38335,71.66616,2.0,1.2,0.8999999761581421,48.29715529922396,70.28049950511195,2.7760910899960436,0.0,0.0,0.0,7.993605792190378E-19

36.975716,78.27162,71.537674,2.0,1.2,0.8999999761581421,48.6606086511747,68.41972561576404,2.3644411771092564,0.0,0.0,0.0,7.993605792190378E-19

36.996677,78.21693,71.50788,2.0,1.2,0.8999999761581421,48.95349462122249,67.51788233412663,2.2737056064070202,0.0,0.0,0.0,7.993605792190378E-19

37.01414,78.220566,71.56977,2.0,1.2,0.8999999761581421,49.198175128913135,67.57770200469531,2.4641804053098895,0.0,0.0,0.0,7.993605792190378E-19

37.05271,78.234085,71.53921,2.0,1.2,0.8999999761581421,49.740739316272084,67.80015715421177,2.369159600290004,0.0,0.0,0.0,7.993605792190378E-19

37.096462,78.28319,71.591064,2.0,1.2,0.8999999761581421,50.35977646220999,68.6112012269441,2.5314860939979553,0.0,0.0,0.0,7.993605792190378E-19

37.143063,78.264946,71.56229,2.0,1.2,0.8999999761581421,51.023343186840066,68.3093321165652,2.440738723613322,0.0,0.0,0.0,7.993605792190378E-19

37.183403,78.21484,71.565865,2.0,1.2,0.8999999761581421,51.6012788778753,67.48365783691406,2.451931829622481,0.0,0.0,0.0,7.993605792190378E-19

37.202717,78.154144,71.561226,2.0,1.2,0.8999999761581421,51.879129695604206,66.49006905499846,2.437426283082459,0.0,0.0,0.0,7.993605792190378E-19

37.18432,78.126114,71.576256,2.0,1.2,0.8999999761581421,51.61443291982869,66.03372697927989,2.484582341799978,0.0,0.0,0.0,7.993605792190378E-19

37.198895,78.13409,71.58608,2.0,1.2,0.8999999761581421,51.824082032675506,66.16336496087024,2.515657565149013,0.0,0.0,0.0,7.993605792190378E-19

37.139305,78.09234,71.72632,2.0,1.2,0.8999999761581421,50.969677521439735,65.48594340222189,2.9801750779151917,0.0,0.0,0.0,7.993605792190378E-19

37.14541,78.02378,71.87912,2.0,1.2,0.8999999761581421,51.05686449498171,64.38105869159335,3.5310914972797036,0.0,0.0,0.0,7.993605792190378E-19

37.165524,77.98307,71.96866,2.0,1.2,0.8999999761581421,51.34472744540835,63.72941258881474,3.8756160819903016,0.0,0.0,0.0,7.993605792190378E-19

37.220085,77.913605,72.032906,2.0,1.2,0.8999999761581421,52.12962948722998,62.62513992283493,4.132705091557,0.0,0.0,0.0,7.993605792190378E-19

37.26911,77.83557,72.13211,2.0,1.2,0.8999999761581421,52.83998393738875,61.39617742598057,4.5458955923095345,0.0,0.0,0.0,7.993605792190378E-19

37.31587,77.76447,72.17973,2.0,1.2,0.8999999761581421,53.521930119619356,60.28704036871204,4.751237156102434,0.0,0.0,0.0,7.993605792190378E-19

37.34393,77.702324,72.235405,2.0,1.2,0.8999999761581421,53.93329742785136,59.32579366961727,4.997035372129176,0.0,0.0,0.0,7.993605792190378E-19

37.361534,77.704094,72.28732,2.0,1.2,0.8999999761581421,54.19218458008254,59.35306333011249,5.2318464973941445,0.0,0.0,0.0,7.993605792190378E-19

37.381416,77.775856,72.377075,2.0,1.2,0.8999999761581421,54.48530690098414,60.46393681369955,5.65048648416996,0.0,0.0,0.0,7.993605792190378E-19

37.396748,77.903595,72.47734,2.0,1.2,0.8999999761581421,54.711874897024245,62.46681346092373,6.137216935167089,0.0,0.0,0.0,7.993605792190378E-19

37.376358,77.94418,72.522575,2.0,1.2,0.8999999761581421,54.410657819593325,63.11004909221083,6.363386539800558,0.0,0.0,0.0,7.993605792190378E-19

37.394234,77.93976,72.553375,2.0,1.2,0.8999999761581421,54.67469206365058,63.03976187482476,6.519725137390196,0.0,0.0,0.0,7.993605792190378E-19

37.372734,77.91141,72.57098,2.0,1.2,0.8999999761581421,54.35720766434679,62.59036816749722,6.6099189157248475,0.0,0.0,0.0,7.993605792190378E-19

37.364952,77.88686,72.54456,2.0,1.2,0.8999999761581421,54.24251924973214,62.20261915639276,6.474802354408894,0.0,0.0,0.0,7.993605792190378E-19

37.35071,77.84092,72.46501,2.0,1.2,0.8999999761581421,54.03296429758484,61.48001852125162,6.076282171765342,0.0,0.0,0.0,7.993605792190378E-19

37.35809,77.80793,72.38922,2.0,1.2,0.8999999761581421,54.141480310368934,60.963770770526025,5.708377901464701,0.0,0.0,0.0,7.993605792190378E-19

37.35505,77.828224,72.2496,2.0,1.2,0.8999999761581421,54.09674775326857,61.28109384566778,5.060714879073203,0.0,0.0,0.0,7.993605792190378E-19

37.369976,77.872795,72.17747,2.0,1.2,0.8999999761581421,54.31654688472918,61.98090276500443,4.741364043729845,0.0,0.0,0.0,7.993605792190378E-19

37.376747,77.9679,72.09222,2.0,1.2,0.8999999761581421,54.416398239845876,63.48748040391365,4.377369848138187,0.0,0.0,0.0,7.993605792190378E-19

37.40316,78.081825,72.03813,2.0,1.2,0.8999999761581421,54.806779395381454,65.31589947413886,4.153980883071199,0.0,0.0,0.0,7.993605792190378E-19

37.495403,78.18365,71.93787,2.0,1.2,0.8999999761581421,56.18107047666854,66.97208077000687,3.7553254514932632,0.0,0.0,0.0,7.993605792190378E-19

37.546627,78.29985,71.88316,2.0,1.2,0.8999999761581421,56.951579751461395,68.88751772255637,3.5463045875076205,0.0,0.0,0.0,7.993605792190378E-19

37.600933,78.44448,71.7935,2.0,1.2,0.8999999761581421,57.77418360988668,71.30925760284299,3.2166523209307343,0.0,0.0,0.0,7.993605792190378E-19

37.64949,78.56611,71.71222,2.0,1.2,0.8999999761581421,58.514702713349834,73.37821832211921,2.931694719940424,0.0,0.0,0.0,7.993605792190378E-19

37.70841,78.65526,71.64547,2.0,1.2,0.8999999761581421,59.41955937842431,74.91349414014257,2.7075704201706685,0.0,0.0,0.0,7.993605792190378E-19

37.690098,78.68711,71.60439,2.0,1.2,0.8999999761581421,59.13760430949333,75.46589580416912,2.5740769156836905,0.0,0.0,0.0,7.993605792190378E-19

37.689777,78.7562,71.60618,2.0,1.2,0.8999999761581421,59.13267606579757,76.67108568415279,2.5798086790018715,0.0,0.0,0.0,7.993605792190378E-19

37.664894,78.77027,71.68972,2.0,1.2,0.8999999761581421,58.750601625593845,76.91765869787196,2.8551541981869377,0.0,0.0,0.0,7.993605792190378E-19

37.670628,78.8043,71.70155,2.0,1.2,0.8999999761581421,58.83852768574434,77.51567033171887,2.895283784950152,0.0,0.0,0.0,7.993605792190378E-19

37.678257,78.84336,71.747635,2.0,1.2,0.8999999761581421,58.955630381839,78.20503202319378,3.0542277006898075,0.0,0.0,0.0,7.993605792190378E-19

37.663033,78.85823,71.75308,2.0,1.2,0.8999999761581421,58.72206758247921,78.46824920014478,3.073297464288771,0.0,0.0,0.0,7.993605792190378E-19

37.682106,78.90462,71.88435,2.0,1.2,0.8999999761581421,59.014752872812096,79.29220942989923,3.550788631895557,0.0,0.0,0.0,7.993605792190378E-19

37.688625,78.97071,72.07219,2.0,1.2,0.8999999761581421,59.11495955266582,80.4736514390097,4.293968623736873,0.0,0.0,0.0,7.993605792190378E-19

37.719337,79.019394,72.28844,2.0,1.2,0.8999999761581421,59.58817087352509,81.34946670033969,5.236943397903815,0.0,0.0,0.0,7.993605792190378E-19

37.72305,79.03634,72.465675,2.0,1.2,0.8999999761581421,59.64548838675546,81.65541901957477,6.079554951342288,0.0,0.0,0.0,7.993605792190378E-19

37.743717,78.98713,72.648636,2.0,1.2,0.8999999761581421,59.96515597451071,80.76849146286258,7.015271941432729,0.0,0.0,0.0,7.993605792190378E-19

37.78639,78.97285,72.88959,2.0,1.2,0.8999999761581421,60.62784427231236,80.51198301377008,8.349715355783701,0.0,0.0,0.0,7.993605792190378E-19

37.774517,79.06251,73.13284,2.0,1.2,0.8999999761581421,60.44311550575367,82.12904453283409,9.814705372788012,0.0,0.0,0.0,7.993605792190378E-19

37.775436,79.09707,73.2505,2.0,1.2,0.8999999761581421,60.45741123170592,82.75666050851578,10.565773263806477,0.0,0.0,0.0,7.993605792190378E-19

37.784443,79.14647,73.52207,2.0,1.2,0.8999999761581421,60.597551288446994,83.65789729380049,12.404990034701768,0.0,0.0,0.0,7.993605792190378E-19

37.758022,79.27966,73.67711,2.0,1.2,0.8999999761581421,60.1869101368502,86.11214698851109,13.521128867054358,0.0,0.0,0.0,7.993605792190378E-19

37.765476,79.40181,73.901535,2.0,1.2,0.8999999761581421,60.3026210290991,88.3940254917834,15.221975622931495,0.0,0.0,0.0,7.993605792190378E-19

37.7631,79.497955,74.00987,2.0,1.2,0.8999999761581421,60.26571649272228,90.21115530375391,16.07907695719041,0.0,0.0,0.0,7.993605792190378E-19

37.78113,79.57905,74.08429,2.0,1.2,0.8999999761581421,60.546011223472306,91.75816358911106,16.681421134620905,0.0,0.0,0.0,7.993605792190378E-19

37.792755,79.50246,74.12826,2.0,1.2,0.8999999761581421,60.727032468654215,90.2966826709453,17.042512062529568,0.0,0.0,0.0,7.993605792190378E-19

37.834244,79.36785,74.14623,2.0,1.2,0.8999999761581421,61.375375516945496,87.75663717935095,17.191244814603124,0.0,0.0,0.0,7.993605792190378E-19

37.8796,79.373184,74.14026,2.0,1.2,0.8999999761581421,62.08810443204129,87.85658212401904,17.14174284040928,0.0,0.0,0.0,7.993605792190378E-19

37.8712,79.377365,74.11631,2.0,1.2,0.8999999761581421,61.95579827972688,87.9349764494691,16.94400900095934,0.0,0.0,0.0,7.993605792190378E-19

37.857033,79.32199,74.00075,2.0,1.2,0.8999999761581421,61.73296404123539,86.89951558504254,16.005982004338875,0.0,0.0,0.0,7.993605792190378E-19

37.90388,79.25278,73.96773,2.0,1.2,0.8999999761581421,62.47133601609676,85.61388405505568,15.742862792918459,0.0,0.0,0.0,7.993605792190378E-19

37.947254,79.266785,73.95794,2.0,1.2,0.8999999761581421,63.158849015962915,85.8732980825007,15.665282298868988,0.0,0.0,0.0,7.993605792190378E-19

38.00781,79.24077,73.93895,2.0,1.2,0.8999999761581421,64.12499994040991,85.39180122525431,15.515323832863942,0.0,0.0,0.0,7.993605792190378E-19

38.067112,79.20809,74.08939,2.0,1.2,0.8999999761581421,65.07829552028852,84.78895341564203,16.72314014431322,0.0,0.0,0.0,7.993605792190378E-19

38.118446,79.10221,74.00612,2.0,1.2,0.8999999761581421,65.90917113941396,82.85024506185437,16.04898763471283,0.0,0.0,0.0,7.993605792190378E-19

38.116974,79.16501,73.97298,2.0,1.2,0.8999999761581421,65.88526491913944,83.99738162849098,15.784543736139312,0.0,0.0,0.0,7.993605792190378E-19

38.093506,79.23218,73.97621,2.0,1.2,0.8999999761581421,65.50483709573746,85.23310571908951,15.810258273268119,0.0,0.0,0.0,7.993605792190378E-19

38.09206,79.27234,73.97276,2.0,1.2,0.8999999761581421,65.48143648578844,85.97626806795597,15.782846343005076,0.0,0.0,0.0,7.993605792190378E-19

38.109623,79.26561,73.97319,2.0,1.2,0.8999999761581421,65.76598447748984,85.85152387642302,15.786241220543161,0.0,0.0,0.0,7.993605792190378E-19

38.11117,79.22737,74.02751,2.0,1.2,0.8999999761581421,65.79110671045783,85.14437955454923,16.220849661389366,0.0,0.0,0.0,7.993605792190378E-19

38.113747,79.19642,74.02145,2.0,1.2,0.8999999761581421,65.83288458787138,84.5741180498735,16.17202976491535,0.0,0.0,0.0,7.993605792190378E-19

38.107002,79.15362,74.08082,2.0,1.2,0.8999999761581421,65.72348561609397,83.78871990652988,16.653076987771783,0.0,0.0,0.0,7.993605792190378E-19

38.12744,79.11154,74.11515,2.0,1.2,0.8999999761581421,66.05530381202698,83.0201930264011,16.934463239798788,0.0,0.0,0.0,7.993605792190378E-19

38.16871,79.067024,74.18367,2.0,1.2,0.8999999761581421,66.7278034799383,82.21092840476194,17.503095036605373,0.0,0.0,0.0,7.993605792190378E-19

38.192818,78.977264,74.224625,2.0,1.2,0.8999999761581421,67.12226166861365,80.59127618465573,17.84745329641737,0.0,0.0,0.0,7.993605792190378E-19

38.249027,78.90348,74.28353,2.0,1.2,0.8999999761581421,68.04645060749317,79.27196554426337,18.348639446834568,0.0,0.0,0.0,7.993605792190378E-19

38.29482,78.796394,74.349686,2.0,1.2,0.8999999761581421,68.80402022170892,77.37655352806905,18.91976541862823,0.0,0.0,0.0,7.993605792190378E-19

38.33556,78.68381,74.486786,2.0,1.2,0.8999999761581421,69.48155792908801,75.40851049218327,20.131247610785067,0.0,0.0,0.0,7.993605792190378E-19

38.358833,78.58711,74.54468,2.0,1.2,0.8999999761581421,69.87009435432265,73.73849982977845,20.654095709323883,0.0,0.0,0.0,7.993605792190378E-19

38.364494,78.532074,74.58927,2.0,1.2,0.8999999761581421,69.96476529171923,72.79628630820662,21.061413317511324,0.0,0.0,0.0,7.993605792190378E-19

38.35542,78.51941,74.62102,2.0,1.2,0.8999999761581421,69.8130293215072,72.58033277094364,21.353802329162136,0.0,0.0,0.0,7.993605792190378E-19

38.331703,78.51942,74.675865,2.0,1.2,0.8999999761581421,69.41727798018837,72.58046276686946,21.863715119252447,0.0,0.0,0.0,7.993605792190378E-19

38.318398,78.54138,74.7111,2.0,1.2,0.8999999761581421,69.19573733356083,72.95520366728306,22.19444170180941,0.0,0.0,0.0,7.993605792190378E-19

38.309868,78.55004,74.75575,2.0,1.2,0.8999999761581421,69.05390383215854,73.10320449998835,22.617182445013896,0.0,0.0,0.0,7.993605792190378E-19

38.30679,78.57879,74.81484,2.0,1.2,0.8999999761581421,69.0027501059376,73.59561654279241,23.18270564317936,0.0,0.0,0.0,7.993605792190378E-19

38.33027,78.65125,74.86765,2.0,1.2,0.8999999761581421,69.39337927760789,74.84417408524314,23.694044687377755,0.0,0.0,0.0,7.993605792190378E-19

38.359142,78.77233,74.991806,2.0,1.2,0.8999999761581421,69.87526004960819,76.95379534555832,24.918127443874255,0.0,0.0,0.0,7.993605792190378E-19

38.38868,78.85678,75.06825,2.0,1.2,0.8999999761581421,70.36994382744888,78.4425697857514,25.687184047186747,0.0,0.0,0.0,7.993605792190378E-19

38.413048,78.937485,75.194725,2.0,1.2,0.8999999761581421,70.77937312569702,79.87863349937834,26.985168206098024,0.0,0.0,0.0,7.993605792190378E-19

38.414173,79.04605,75.25509,2.0,1.2,0.8999999761581421,70.79830939801468,81.83103915397078,27.615958360547666,0.0,0.0,0.0,7.993605792190378E-19

38.435036,79.23772,75.2943,2.0,1.2,0.8999999761581421,71.14982735418016,85.33540936396457,28.029572937870398,0.0,0.0,0.0,7.993605792190378E-19

38.459003,79.34662,75.326004,2.0,1.2,0.8999999761581421,71.55473934150359,87.3592802323401,28.366318909684196,0.0,0.0,0.0,7.993605792190378E-19

38.45069,79.43037,75.38292,2.0,1.2,0.8999999761581421,71.41418214893201,88.93181262823055,28.97582031437196,0.0,0.0,0.0,7.993605792190378E-19

38.42737,79.61499,75.39997,2.0,1.2,0.8999999761581421,71.02053417265415,92.44803720712662,29.159686890488956,0.0,0.0,0.0,7.993605792190378E-19

38.40545,79.74975,75.45823,2.0,1.2,0.8999999761581421,70.65157143870601,95.05759054800728,29.792264525371138,0.0,0.0,0.0,7.993605792190378E-19

38.416603,79.79004,75.540596,2.0,1.2,0.8999999761581421,70.83920754730934,95.84486484527588,30.69820412719855,0.0,0.0,0.0,7.993605792190378E-19

38.428047,79.81383,75.57522,2.0,1.2,0.8999999761581421,71.03197927126894,96.31121048727073,31.08305798523361,0.0,0.0,0.0,7.993605792190378E-19

38.441406,79.82819,75.57508,2.0,1.2,0.8999999761581421,71.25733947753906,96.59339070791611,31.08152672467986,0.0,0.0,0.0,7.993605792190378E-19

38.44183,79.75813,75.557144,2.0,1.2,0.8999999761581421,71.26448836970667,95.22115836874582,30.8818512710277,0.0,0.0,0.0,7.993605792190378E-19

38.444798,79.75622,75.61777,2.0,1.2,0.8999999761581421,71.31460508402961,95.18378881557146,31.559309818781912,0.0,0.0,0.0,7.993605792190378E-19

38.506924,79.8109,75.59823,2.0,1.2,0.8999999761581421,72.3677504214138,96.25371617474593,31.34016182977939,0.0,0.0,0.0,7.993605792190378E-19

38.59277,79.8774,75.599945,2.0,1.2,0.8999999761581421,73.83568979056145,97.5630951463827,31.359384768642485,0.0,0.0,0.0,7.993605792190378E-19

38.653862,79.97788,75.490616,2.0,1.2,0.8999999761581421,74.88932750659296,99.55813689396018,30.146862354362383,0.0,0.0,0.0,7.993605792190378E-19

38.69613,79.94625,75.46235,2.0,1.2,0.8999999761581421,75.62265689257765,98.92790727462852,29.837255920341704,0.0,0.0,0.0,7.993605792190378E-19

38.76554,79.8565,75.45153,2.0,1.2,0.8999999761581421,76.83471036661649,97.1505669830949,29.71918431861559,0.0,0.0,0.0,7.993605792190378E-19

38.726814,79.80786,75.41896,2.0,1.2,0.8999999761581421,76.15728730341652,96.19414383172989,29.365133673185483,0.0,0.0,0.0,7.993605792190378E-19

38.763878,79.76597,75.38966,2.0,1.2,0.8999999761581421,76.80555529665435,95.37413728103274,29.04847475909628,0.0,0.0,0.0,7.993605792190378E-19

38.78117,79.74851,75.38876,2.0,1.2,0.8999999761581421,77.10894466088212,95.03349144064123,29.03877128008753,0.0,0.0,0.0,7.993605792190378E-19

38.81021,79.76072,75.38185,2.0,1.2,0.8999999761581421,77.6198210651055,95.27164124004776,28.964322298998013,0.0,0.0,0.0,7.993605792190378E-19

38.854286,79.85465,75.43227,2.0,1.2,0.8999999761581421,78.39838400256122,97.11417401913786,29.509516451740637,0.0,0.0,0.0,7.993605792190378E-19

38.92165,79.996605,75.47809,2.0,1.2,0.8999999761581421,79.59583752452454,99.93210991524393,30.009452287107706,0.0,0.0,0.0,7.993605792190378E-19

38.96281,80.18826,75.549706,2.0,1.2,0.8999999761581421,80.3319723521272,103.80070172343403,30.799231196346227,0.0,0.0,0.0,7.993605792190378E-19

39.02554,80.42616,75.56212,2.0,1.2,0.8999999761581421,81.46036142834055,108.70486905821599,30.937162544811144,0.0,0.0,0.0,7.993605792190378E-19

39.083855,80.53963,75.54482,2.0,1.2,0.8999999761581421,82.51641576184193,111.0837388841901,30.745058695378248,0.0,0.0,0.0,7.993605792190378E-19

39.12574,80.655045,75.63826,2.0,1.2,0.8999999761581421,83.27913148334483,113.52997448318638,31.789974561193958,0.0,0.0,0.0,7.993605792190378E-19

39.145023,80.61351,75.61042,2.0,1.2,0.8999999761581421,83.63145199792052,112.6465973185841,31.47681512410054,0.0,0.0,0.0,7.993605792190378E-19

39.126747,80.71701,75.69111,2.0,1.2,0.8999999761581421,83.29751319956267,114.85431401524693,32.38871827634284,0.0,0.0,0.0,7.993605792190378E-19

39.092644,80.70534,75.72456,2.0,1.2,0.8999999761581421,82.67617014242569,114.60425151162781,32.770628394791856,0.0,0.0,0.0,7.993605792190378E-19

39.088577,80.74827,75.74305,2.0,1.2,0.8999999761581421,82.60223680199124,115.5252677393728,32.98261895595351,0.0,0.0,0.0,7.993605792190378E-19

39.092278,80.76947,75.77475,2.0,1.2,0.8999999761581421,82.669510625361,115.98148870840669,33.34773474279791,0.0,0.0,0.0,7.993605792190378E-19

39.10461,80.826744,75.783394,2.0,1.2,0.8999999761581421,82.89393132088298,117.21838736493373,33.4476445383043,0.0,0.0,0.0,7.993605792190378E-19

39.10923,80.927895,75.767,2.0,1.2,0.8999999761581421,82.97807194903726,119.41888022009516,33.25826928857714,0.0,0.0,0.0,7.993605792190378E-19

39.129208,81.02927,75.79251,2.0,1.2,0.8999999761581421,83.34243160627375,121.644716382958,33.55318352673203,0.0,0.0,0.0,7.993605792190378E-19

39.122047,81.11109,75.74713,2.0,1.2,0.8999999761581421,83.21174921147758,123.4563568495796,33.029518727213144,0.0,0.0,0.0,7.993605792190378E-19

39.100334,81.21244,75.70026,2.0,1.2,0.8999999761581421,82.81608195981244,125.71882175799692,32.49292242899537,0.0,0.0,0.0,7.993605792190378E-19

39.086483,81.270966,75.686386,2.0,1.2,0.8999999761581421,82.56417334034631,127.0346650192514,32.33498697378673,0.0,0.0,0.0,7.993605792190378E-19

39.09894,81.27719,75.6326,2.0,1.2,0.8999999761581421,82.79074193398992,127.1750405067578,31.726170108653605,0.0,0.0,0.0,7.993605792190378E-19

39.121216,81.251144,75.577415,2.0,1.2,0.8999999761581421,83.19657804071903,126.58825051621534,31.10756328381831,0.0,0.0,0.0,7.993605792190378E-19

39.16153,81.220436,75.46273,2.0,1.2,0.8999999761581421,83.93362353090197,125.89818618871504,29.841423507372383,0.0,0.0,0.0,7.993605792190378E-19

39.1926,81.21793,75.40216,2.0,1.2,0.8999999761581421,84.50389936078864,125.84203548316145,29.18333962932229,0.0,0.0,0.0,7.993605792190378E-19

39.235924,81.18396,75.35005,2.0,1.2,0.8999999761581421,85.30228783149505,125.08096040785313,28.623055117437616,0.0,0.0,0.0,7.993605792190378E-19

39.266396,81.14204,75.2577,2.0,1.2,0.8999999761581421,85.86608683835948,124.14497598545859,27.64338888047496,0.0,0.0,0.0,7.993605792190378E-19

39.311565,81.03244,75.16831,2.0,1.2,0.8999999761581421,86.7052501830185,121.71473644766957,26.71144968137378,0.0,0.0,0.0,7.993605792190378E-19

39.36805,80.78337,75.12916,2.0,1.2,0.8999999761581421,87.76035371242324,116.28108951286413,26.308261994330678,0.0,0.0,0.0,7.993605792190378E-19

39.36985,80.74651,75.03582,2.0,1.2,0.8999999761581421,87.79409199632937,115.48754954064498,25.359483146166895,0.0,0.0,0.0,7.993605792190378E-19

39.40165,80.74173,74.93257,2.0,1.2,0.8999999761581421,88.39101285260404,115.38475772831589,24.330260725924745,0.0,0.0,0.0,7.993605792190378E-19

39.408104,80.61043,74.9329,2.0,1.2,0.8999999761581421,88.51241979986662,112.58117929683067,24.333497231418733,0.0,0.0,0.0,7.993605792190378E-19

39.410442,80.61299,74.8982,2.0,1.2,0.8999999761581421,88.55642526586598,112.63558503449894,23.992372926382814,0.0,0.0,0.0,7.993605792190378E-19

39.41344,80.63414,74.923515,2.0,1.2,0.8999999761581421,88.61286589423253,113.08493385114707,24.24100310454378,0.0,0.0,0.0,7.993605792190378E-19

39.399025,80.60274,74.80767,2.0,1.2,0.8999999761581421,88.34167026221985,112.41804094077088,23.113696533313487,0.0,0.0,0.0,7.993605792190378E-19

39.380238,80.61178,74.83937,2.0,1.2,0.8999999761581421,87.98885704496934,112.60983782407129,23.419509038561955,0.0,0.0,0.0,7.993605792190378E-19

39.36634,80.591606,74.882095,2.0,1.2,0.8999999761581421,87.72833693219582,112.18212062778184,23.834854878718033,0.0,0.0,0.0,7.993605792190378E-19

39.354774,80.57352,75.00651,2.0,1.2,0.8999999761581421,87.51180547993863,111.79925848636776,25.065121087769512,0.0,0.0,0.0,7.993605792190378E-19

39.33773,80.594086,75.12151,2.0,1.2,0.8999999761581421,87.19320916716242,112.23465167824179,26.229899165278766,0.0,0.0,0.0,7.993605792190378E-19

39.350388,80.60838,75.21341,2.0,1.2,0.8999999761581421,87.42974776984192,112.53779366635717,27.179637820459902,0.0,0.0,0.0,7.993605792190378E-19

39.361954,80.62358,75.29117,2.0,1.2,0.8999999761581421,87.64617774286307,112.86047183186747,27.99646105710417,0.0,0.0,0.0,7.993605792190378E-19

39.404095,80.681625,75.3427,2.0,1.2,0.8999999761581421,88.43699705218023,114.09712046408094,28.544412767747417,0.0,0.0,0.0,7.993605792190378E-19

39.437695,80.746315,75.425385,2.0,1.2,0.8999999761581421,89.07007841080485,115.48328613169724,29.43479720596224,0.0,0.0,0.0,7.993605792190378E-19

39.472107,80.82092,75.546616,2.0,1.2,0.8999999761581421,89.7208097614348,117.0923713594675,30.7649446206633,0.0,0.0,0.0,7.993605792190378E-19

39.517548,80.908966,75.63231,2.0,1.2,0.8999999761581421,90.58371245954186,119.0055405953899,31.722904220456257,0.0,0.0,0.0,7.993605792190378E-19

39.55758,80.96034,75.75906,2.0,1.2,0.8999999761581421,91.34731711592758,120.12910568364896,33.16681493911892,0.0,0.0,0.0,7.993605792190378E-19

39.598713,80.97093,75.83284,2.0,1.2,0.8999999761581421,92.13528974250949,120.36134909861721,34.022022066870704,0.0,0.0,0.0,7.993605792190378E-19

39.630157,81.06651,75.95443,2.0,1.2,0.8999999761581421,92.73993291053921,122.46771134086885,35.45523217652226,0.0,0.0,0.0,7.993605792190378E-19

39.656612,81.13694,76.04871,2.0,1.2,0.8999999761581421,93.25016297122056,124.03143261797959,36.58693723200122,0.0,0.0,0.0,7.993605792190378E-19

39.686813,81.218506,76.130455,2.0,1.2,0.8999999761581421,93.83435296476819,125.85487371683121,37.582478716562036,0.0,0.0,0.0,7.993605792190378E-19

39.69996,81.190865,76.19977,2.0,1.2,0.8999999761581421,94.08920074632624,125.2354496671469,38.43712407723069,0.0,0.0,0.0,7.993605792190378E-19

39.690212,81.2246,76.270294,2.0,1.2,0.8999999761581421,93.90021344531851,125.99168434744934,39.31658922228962,0.0,0.0,0.0,7.993605792190378E-19

39.72913,81.24074,76.32948,2.0,1.2,0.8999999761581421,94.65596649517829,126.35418887459673,40.06235545524396,0.0,0.0,0.0,7.993605792190378E-19

39.699562,81.257935,76.29157,2.0,1.2,0.8999999761581421,94.08150440320605,126.7410907894373,39.58388541365275,0.0,0.0,0.0,7.993605792190378E-19

39.721138,81.17953,76.28152,2.0,1.2,0.8999999761581421,94.5005240245373,124.98183026496554,39.457456183212344,0.0,0.0,0.0,7.993605792190378E-19

39.752407,81.1028,76.28935,2.0,1.2,0.8999999761581421,95.10944373651,123.27213368588127,39.55595382512547,0.0,0.0,0.0,7.993605792190378E-19

39.774147,80.99875,76.243484,2.0,1.2,0.8999999761581421,95.53395023621852,120.9724747100845,38.98109866515733,0.0,0.0,0.0,7.993605792190378E-19

39.834846,80.91227,76.18742,2.0,1.2,0.8999999761581421,96.72420561133185,119.07762765471125,38.284212118247524,0.0,0.0,0.0,7.993605792190378E-19

39.882763,80.84493,76.12846,2.0,1.2,0.8999999761581421,97.66900271423219,117.61256214749301,37.558067875215784,0.0,0.0,0.0,7.993605792190378E-19

39.96438,80.8361,76.09132,2.0,1.2,0.8999999761581421,99.28883604012663,117.42101373855257,37.10413333034376,0.0,0.0,0.0,7.993605792190378E-19

40.002495,80.81382,76.075,2.0,1.2,0.8999999761581421,100.04990246432135,116.9387005107128,36.90558792115189,0.0,0.0,0.0,7.993605792190378E-19

40.037106,80.736725,76.01488,2.0,1.2,0.8999999761581421,100.74348802866007,115.27726058010012,36.17874916666187,0.0,0.0,0.0,7.993605792190378E-19

40.10034,80.709885,75.9859,2.0,1.2,0.8999999761581421,102.0169044137001,114.70162907824852,35.831009332090616,0.0,0.0,0.0,7.993605792190378E-19

40.097237,80.66772,75.926834,2.0,1.2,0.8999999761581421,101.9541876288713,113.80018556496361,35.127362525323406,0.0,0.0,0.0,7.993605792190378E-19

40.089897,80.72027,75.86706,2.0,1.2,0.8999999761581421,101.80602461384842,114.92415134148905,34.42236723197857,0.0,0.0,0.0,7.993605792190378E-19

40.111073,80.893135,76.00224,2.0,1.2,0.8999999761581421,102.23378791486903,118.66039167070994,36.02692153514363,0.0,0.0,0.0,7.993605792190378E-19

40.13213,80.99086,76.02429,2.0,1.2,0.8999999761581421,102.66005163326918,120.79900321760215,36.29209400713444,0.0,0.0,0.0,7.993605792190378E-19

40.169,81.11803,76.13639,2.0,1.2,0.8999999761581421,103.40853493200848,123.61051844456233,37.655290651659016,0.0,0.0,0.0,7.993605792190378E-19

40.216656,81.29324,76.17076,2.0,1.2,0.8999999761581421,104.38005432988575,127.53734667692333,38.07829265692271,0.0,0.0,0.0,7.993605792190378E-19

40.27402,81.413414,76.14934,2.0,1.2,0.8999999761581421,105.55551056355762,130.26601916883374,37.81435499177314,0.0,0.0,0.0,7.993605792190378E-19

40.33453,81.45854,76.36869,2.0,1.2,0.8999999761581421,106.80250777259062,131.2981817892287,40.56021856662119,0.0,0.0,0.0,7.993605792190378E-19

40.398872,81.46313,76.53618,2.0,1.2,0.8999999761581421,108.13654668169329,131.40328374138335,42.72163054556586,0.0,0.0,0.0,7.993605792190378E-19

40.4359,81.497116,76.606674,2.0,1.2,0.8999999761581421,108.90804307827784,132.18367836088873,43.64814391010441,0.0,0.0,0.0,7.993605792190378E-19

40.47338,81.56038,76.68192,2.0,1.2,0.8999999761581421,109.69171046098927,133.6423632784281,44.648093809897546,0.0,0.0,0.0,7.993605792190378E-19

40.455063,81.569984,76.750946,2.0,1.2,0.8999999761581421,109.30833953642286,133.86453985009575,45.57527250144631,0.0,0.0,0.0,7.993605792190378E-19

40.3705,82.17551,76.45663,2.0,1.2,0.8999999761581421,107.54724239953794,148.24296076688915,41.688030823657755,0.0,0.0,0.0,7.993605792190378E-19

40.28477,82.1747,76.554504,2.0,1.2,0.8999999761581421,105.77651381435862,148.22326837130822,42.96152785792947,0.0,0.0,0.0,7.993605792190378E-19

40.256096,82.2197,76.73238,2.0,1.2,0.8999999761581421,105.18750282755354,149.32115788810188,45.324990661407355,0.0,0.0,0.0,7.993605792190378E-19

40.226017,82.33839,76.72284,2.0,1.2,0.8999999761581421,104.5714236493368,152.23578230297426,45.19656899943948,0.0,0.0,0.0,7.993605792190378E-19

40.216045,82.51106,76.67224,2.0,1.2,0.8999999761581421,104.36758319883666,156.52668793336488,44.518802776932716,0.0,0.0,0.0,7.993605792190378E-19

40.20337,82.60402,76.640594,2.0,1.2,0.8999999761581421,104.10874181985855,158.861299112672,44.09749507997185,0.0,0.0,0.0,7.993605792190378E-19

40.174892,82.58269,76.58989,2.0,1.2,0.8999999761581421,103.52843587125244,158.32402165071107,43.426643969723955,0.0,0.0,0.0,7.993605792190378E-19

40.161648,82.55424,76.4868,2.0,1.2,0.8999999761581421,103.2590859427728,157.60887583490694,42.078589126700535,0.0,0.0,0.0,7.993605792190378E-19

40.13343,82.4808,76.40947,2.0,1.2,0.8999999761581421,102.68641331238905,155.770289111475,41.08130061090924,0.0,0.0,0.0,7.993605792190378E-19

40.124317,82.293335,76.28865,2.0,1.2,0.8999999761581421,102.50179814234434,151.1260844618082,39.54712527082302,0.0,0.0,0.0,7.993605792190378E-19

40.12866,82.23001,76.15048,2.0,1.2,0.8999999761581421,102.58971885034407,149.57316872570664,37.82843101862818,0.0,0.0,0.0,7.993605792190378E-19

40.151337,82.2151,76.05978,2.0,1.2,0.8999999761581421,103.04963618610054,149.20874495082535,36.720888880605344,0.0,0.0,0.0,7.993605792190378E-19

40.163864,82.1469,76.0385,2.0,1.2,0.8999999761581421,103.30413416982628,147.54709123657085,36.46345718787052,0.0,0.0,0.0,7.993605792190378E-19

40.144344,82.094376,75.9843,2.0,1.2,0.8999999761581421,102.90772188223491,146.27392140426673,35.81183100328781,0.0,0.0,0.0,7.993605792190378E-19

40.16058,82.09584,75.9278,2.0,1.2,0.8999999761581421,103.23737946200708,146.3093562910799,35.13884887570748,0.0,0.0,0.0,7.993605792190378E-19

40.18445,82.077774,75.83865,2.0,1.2,0.8999999761581421,103.72298599779606,145.87262595095672,34.08987544570118,0.0,0.0,0.0,7.993605792190378E-19

40.217888,82.00248,75.78333,2.0,1.2,0.8999999761581421,104.40523269592086,144.05951542552793,33.44693856133381,0.0,0.0,0.0,7.993605792190378E-19

40.251904,82.0082,75.78487,2.0,1.2,0.8999999761581421,105.10152606912015,144.1969056451344,33.464678490767255,0.0,0.0,0.0,7.993605792190378E-19

40.29197,81.98738,75.738266,2.0,1.2,0.8999999761581421,105.92463205807144,143.69730279431678,32.92769658588804,0.0,0.0,0.0,7.993605792190378E-19

40.333065,81.98791,75.72354,2.0,1.2,0.8999999761581421,106.77223297535966,143.7099240627722,32.75892455223948,0.0,0.0,0.0,7.993605792190378E-19

40.373535,81.988594,75.71702,2.0,1.2,0.8999999761581421,107.61023163795471,143.72638741979608,32.68429626949364,0.0,0.0,0.0,7.993605792190378E-19

40.368347,81.99445,75.69486,2.0,1.2,0.8999999761581421,107.5026229955256,143.86691308865556,32.43145736452425,0.0,0.0,0.0,7.993605792190378E-19

40.40708,81.959305,75.647964,2.0,1.2,0.8999999761581421,108.30734751239652,143.0249715282116,31.899502739543095,0.0,0.0,0.0,7.993605792190378E-19

40.409283,81.93749,75.61102,2.0,1.2,0.8999999761581421,108.35316600221267,142.50372409826377,31.48357853665948,0.0,0.0,0.0,7.993605792190378E-19

40.417274,81.90533,74.85819,2.0,1.2,0.8999999761581421,108.51960748952115,141.73680724488804,23.602033821458463,0.0,0.0,0.0,7.993605792190378E-19

40.438606,81.81081,74.89729,2.0,1.2,0.8999999761581421,108.96450069738785,139.4951448517386,23.98347961739637,0.0,0.0,0.0,7.993605792190378E-19

40.44273,81.78513,74.87301,2.0,1.2,0.8999999761581421,109.0506088076072,138.88936835579807,23.74621406343067,0.0,0.0,0.0,7.993605792190378E-19

40.45138,81.83796,74.971985,2.0,1.2,0.8999999761581421,109.23137909105571,140.13728014106164,24.72063348069787,0.0,0.0,0.0,7.993605792190378E-19

40.46689,81.96495,75.07989,2.0,1.2,0.8999999761581421,109.55575335863978,143.16004193970002,25.805255896470044,0.0,0.0,0.0,7.993605792190378E-19

40.488094,82.17028,75.27308,2.0,1.2,0.8999999761581421,110.00012267149577,148.11572639091173,27.805361280275974,0.0,0.0,0.0,7.993605792190378E-19

40.522675,82.285225,75.451996,2.0,1.2,0.8999999761581421,110.72667990718037,150.92675120109925,29.72425874415785,0.0,0.0,0.0,7.993605792190378E-19

40.56309,82.32493,75.59486,2.0,1.2,0.8999999761581421,111.5788973489689,151.9038571981364,31.302416594757233,0.0,0.0,0.0,7.993605792190378E-19

40.607628,82.311226,75.73044,2.0,1.2,0.8999999761581421,112.52176899980986,151.566282942018,32.83792233560234,0.0,0.0,0.0,7.993605792190378E-19

40.622078,82.17807,75.781075,2.0,1.2,0.8999999761581421,112.82853980368236,148.3053905898705,33.4208226511837,0.0,0.0,0.0,7.993605792190378E-19

40.615658,81.44957,75.83694,2.0,1.2,0.8999999761581421,112.69219066250662,131.09264636435546,34.06983296625549,0.0,0.0,0.0,7.993605792190378E-19

40.6175,81.26601,75.92403,2.0,1.2,0.8999999761581421,112.73131273040781,126.92290177592076,35.09408984542824,0.0,0.0,0.0,7.993605792190378E-19

40.6303,81.05223,75.876236,2.0,1.2,0.8999999761581421,113.00324863348214,122.15180642926134,34.53014908009209,0.0,0.0,0.0,7.993605792190378E-19

40.643467,81.014854,75.914314,2.0,1.2,0.8999999761581421,113.28338870430889,121.32701813947642,34.97911328455666,0.0,0.0,0.0,7.993605792190378E-19

40.657463,81.0674,75.885574,2.0,1.2,0.8999999761581421,113.58151916792849,122.48730006837286,34.639985321322456,0.0,0.0,0.0,7.993605792190378E-19

40.61715,81.099594,75.80649,2.0,1.2,0.8999999761581421,112.72386038448894,123.20098954462446,33.71530332509428,0.0,0.0,0.0,7.993605792190378E-19

40.63898,81.00153,75.79917,2.0,1.2,0.8999999761581421,113.18791385601799,121.0337395342649,33.63038948044414,0.0,0.0,0.0,7.993605792190378E-19

40.63656,80.903786,75.71099,2.0,1.2,0.8999999761581421,113.13637741986895,118.89254271291429,32.61541712569306,0.0,0.0,0.0,7.993605792190378E-19

40.65545,80.836655,75.65295,2.0,1.2,0.8999999761581421,113.53859154979,117.4330842869822,31.955803817196283,0.0,0.0,0.0,7.993605792190378E-19

40.690178,80.76352,75.59446,2.0,1.2,0.8999999761581421,114.27990390738705,115.85334744397551,31.297977474110667,0.0,0.0,0.0,7.993605792190378E-19

40.687153,80.753494,75.55122,2.0,1.2,0.8999999761581421,114.21523630748561,115.637638857821,30.816085176775232,0.0,0.0,0.0,7.993605792190378E-19

40.700157,80.80351,75.47606,2.0,1.2,0.8999999761581421,114.49336336698616,116.71588392020203,29.987221732968464,0.0,0.0,0.0,7.993605792190378E-19

40.7218,80.7913,75.40264,2.0,1.2,0.8999999761581421,114.95703293383121,116.45211063843453,29.188532977423165,0.0,0.0,0.0,7.993605792190378E-19

40.72205,80.75039,75.20414,2.0,1.2,0.8999999761581421,114.96235005093331,115.57086578250164,27.083070115710143,0.0,0.0,0.0,7.993605792190378E-19

40.69126,80.68766,75.12628,2.0,1.2,0.8999999761581421,114.30306800320977,114.2260809201398,26.278764460235834,0.0,0.0,0.0,7.993605792190378E-19

40.683083,80.785095,75.020164,2.0,1.2,0.8999999761581421,114.12825342320139,116.31827879324555,25.202051504107658,0.0,0.0,0.0,7.993605792190378E-19

40.69824,80.899376,74.907364,2.0,1.2,0.8999999761581421,114.4523042813089,118.79639534797752,24.082220364594832,0.0,0.0,0.0,7.993605792190378E-19

40.713898,81.00783,74.86763,2.0,1.2,0.8999999761581421,114.78760403487831,121.17227196716703,23.69382186443545,0.0,0.0,0.0,7.993605792190378E-19

40.747536,80.94716,74.85751,2.0,1.2,0.8999999761581421,115.50952374242479,119.84028608747758,23.595436700619757,0.0,0.0,0.0,7.993605792190378E-19

40.75391,80.80098,74.970024,2.0,1.2,0.8999999761581421,115.64658167959715,116.66116062761284,24.701139642915223,0.0,0.0,0.0,7.993605792190378E-19

40.80077,80.657585,75.026794,2.0,1.2,0.8999999761581421,116.65662840021832,113.58412110252539,25.26866227760911,0.0,0.0,0.0,7.993605792190378E-19

40.835293,80.6014,75.12894,2.0,1.2,0.8999999761581421,117.40357041197421,112.3897303599515,26.305992365814745,0.0,0.0,0.0,7.993605792190378E-19

40.878407,80.594604,75.2119,2.0,1.2,0.8999999761581421,118.33972851572616,112.24564434587955,27.1638891401235,0.0,0.0,0.0,7.993605792190378E-19

40.91125,80.61784,75.334694,2.0,1.2,0.8999999761581421,119.05539987144584,112.73860330716707,28.458959099429194,0.0,0.0,0.0,7.993605792190378E-19

40.95394,80.6044,75.46503,2.0,1.2,0.8999999761581421,119.98883099440718,112.45331282261759,29.866518530994654,0.0,0.0,0.0,7.993605792190378E-19

40.94779,80.61181,75.567635,2.0,1.2,0.8999999761581421,119.85406731559488,112.61048551654676,30.998554844467435,0.0,0.0,0.0,7.993605792190378E-19

40.9542,80.57469,75.66728,2.0,1.2,0.8999999761581421,119.99451395362848,111.82410608255304,32.1180864518974,0.0,0.0,0.0,7.993605792190378E-19

40.95324,80.53084,75.75969,2.0,1.2,0.8999999761581421,119.97345425008098,110.89854924962856,33.174021190265194,0.0,0.0,0.0,7.993605792190378E-19

40.9458,80.55906,75.79642,2.0,1.2,0.8999999761581421,119.81055474281311,111.49372998677427,33.59845277760178,0.0,0.0,0.0,7.993605792190378E-19

40.94916,80.62092,75.73422,2.0,1.2,0.8999999761581421,119.88413819998095,112.8039049814106,32.88130667153746,0.0,0.0,0.0,7.993605792190378E-19

40.927948,80.65108,75.74123,2.0,1.2,0.8999999761581421,119.4200474480167,113.44544702232815,32.96167823695578,0.0,0.0,0.0,7.993605792190378E-19

40.927395,80.52842,75.77492,2.0,1.2,0.8999999761581421,119.40795857810008,110.847617054882,33.34967331611551,0.0,0.0,0.0,7.993605792190378E-19

40.920227,80.53035,75.80956,2.0,1.2,0.8999999761581421,119.25135884061456,110.88826546655037,33.75101856893161,0.0,0.0,0.0,7.993605792190378E-19

40.90423,80.534805,75.84431,2.0,1.2,0.8999999761581421,118.90219286555657,110.98212266364135,34.155923676735256,0.0,0.0,0.0,7.993605792190378E-19

40.896915,80.56489,75.895874,2.0,1.2,0.8999999761581421,118.7427660147805,111.61685846286127,34.761330500245094,0.0,0.0,0.0,7.993605792190378E-19

40.893578,80.60968,75.96425,2.0,1.2,0.8999999761581421,118.67003239743644,112.56531343236566,35.572262045228854,0.0,0.0,0.0,7.993605792190378E-19

40.8973,80.61143,75.972115,2.0,1.2,0.8999999761581421,118.75116298679495,112.60238949448103,35.66615235345671,0.0,0.0,0.0,7.993605792190378E-19

40.914894,80.62541,76.03209,2.0,1.2,0.8999999761581421,119.13491330161924,112.89937989995815,36.38610051968135,0.0,0.0,0.0,7.993605792190378E-19

40.926094,80.63075,75.9963,2.0,1.2,0.8999999761581421,119.37953130254755,113.0129000658635,35.95561061572516,0.0,0.0,0.0,7.993605792190378E-19

40.94521,80.66268,75.947014,2.0,1.2,0.8999999761581421,119.79761106836668,113.69277846772457,35.366973791329656,0.0,0.0,0.0,7.993605792190378E-19

40.948143,80.68007,75.82653,2.0,1.2,0.8999999761581421,119.861835266056,114.0638731981162,33.948457161022816,0.0,0.0,0.0,7.993605792190378E-19

40.951447,80.68965,75.773544,2.0,1.2,0.8999999761581421,119.93418116960675,114.26864896179177,33.333813917124644,0.0,0.0,0.0,7.993605792190378E-19

40.970364,80.63123,75.66776,2.0,1.2,0.8999999761581421,120.34887788795459,113.02311967877904,32.12353466224158,0.0,0.0,0.0,7.993605792190378E-19

40.97065,80.551094,75.572685,2.0,1.2,0.8999999761581421,120.35515526222298,111.32558576116571,31.05482080305228,0.0,0.0,0.0,7.993605792190378E-19

40.986275,80.44039,75.47723,2.0,1.2,0.8999999761581421,120.69823220657418,109.00177551951492,30.00000747392187,0.0,0.0,0.0,7.993605792190378E-19

40.99356,80.3221,75.17882,2.0,1.2,0.8999999761581421,120.8583788657561,106.54570254520513,26.820153277600184,0.0,0.0,0.0,7.993605792190378E-19

41.011955,80.2596,75.05171,2.0,1.2,0.8999999761581421,121.2631586753414,105.25934657291509,25.519794496009126,0.0,0.0,0.0,7.993605792190378E-19

41.031975,80.254395,74.9939,2.0,1.2,0.8999999761581421,121.70446782192448,105.15260720252991,24.939002096652985,0.0,0.0,0.0,7.993605792190378E-19

41.046867,80.255646,74.94489,2.0,1.2,0.8999999761581421,122.03327870374778,105.17826978955418,24.451965627318714,0.0,0.0,0.0,7.993605792190378E-19

41.05808,80.26085,74.86534,2.0,1.2,0.8999999761581421,122.28110599216598,105.28502218076028,23.67154486128129,0.0,0.0,0.0,7.993605792190378E-19

41.044437,80.16507,74.90738,2.0,1.2,0.8999999761581421,121.97959766910935,103.32863956782967,24.082370125688612,0.0,0.0,0.0,7.993605792190378E-19

41.04184,80.08268,74.857285,2.0,1.2,0.8999999761581421,121.92222174350172,101.66043091152096,23.59321315982379,0.0,0.0,0.0,7.993605792190378E-19

41.049454,80.03169,74.94959,2.0,1.2,0.8999999761581421,122.0904278496746,100.634854512522,24.498466810269747,0.0,0.0,0.0,7.993605792190378E-19

41.064472,80.01218,75.01812,2.0,1.2,0.8999999761581421,122.42254503107688,100.2436785409227,25.181526447704528,0.0,0.0,0.0,7.993605792190378E-19

41.078564,80.05784,75.05439,2.0,1.2,0.8999999761581421,122.7345734374976,101.16011408396298,25.546857803186867,0.0,0.0,0.0,7.993605792190378E-19

41.08761,80.087395,75.098274,2.0,1.2,0.8999999761581421,122.93505864363397,101.75553212320665,25.99240013404051,0.0,0.0,0.0,7.993605792190378E-19

41.10775,80.40538,75.02096,2.0,1.2,0.8999999761581421,123.38210870657349,108.27193812676705,25.21001870330656,0.0,0.0,0.0,7.993605792190378E-19

41.15266,80.55028,75.105995,2.0,1.2,0.8999999761581421,124.3818333257368,111.3083597572986,26.071186760033015,0.0,0.0,0.0,7.993605792190378E-19

41.18441,80.76588,75.1364,2.0,1.2,0.8999999761581421,125.09102917794371,115.90410262724617,26.38258765474893,0.0,0.0,0.0,7.993605792190378E-19

41.19825,81.002914,75.18181,2.0,1.2,0.8999999761581421,125.4007989615784,121.06412592553534,26.85113903717138,0.0,0.0,0.0,7.993605792190378E-19

41.214684,81.11578,75.25664,2.0,1.2,0.8999999761581421,125.76912673894549,123.56064707413316,27.632238576421514,0.0,0.0,0.0,7.993605792190378E-19

41.20405,81.10372,75.260124,2.0,1.2,0.8999999761581421,125.53069509851048,123.29263378452742,27.668906668259297,0.0,0.0,0.0,7.993605792190378E-19

41.18975,81.04436,75.26871,2.0,1.2,0.8999999761581421,125.21052008779952,121.97782816574909,27.759276353754103,0.0,0.0,0.0,7.993605792190378E-19

41.12823,80.99251,75.29991,2.0,1.2,0.8999999761581421,123.8375262706686,120.83523069159128,28.08906189748086,0.0,0.0,0.0,7.993605792190378E-19

41.114895,80.92207,75.24476,2.0,1.2,0.8999999761581421,123.54088790320384,119.29168657422997,27.507492834760342,0.0,0.0,0.0,7.993605792190378E-19

41.0988,80.812164,75.113655,2.0,1.2,0.8999999761581421,123.18337607220747,116.90289699379355,26.149468382878695,0.0,0.0,0.0,7.993605792190378E-19

41.097393,80.72712,75.04709,2.0,1.2,0.8999999761581421,123.1521321929904,115.07109160447726,25.4731035688892,0.0,0.0,0.0,7.993605792190378E-19

41.10275,80.621475,74.95123,2.0,1.2,0.8999999761581421,123.27103248915228,112.81573584326543,24.51470733061433,0.0,0.0,0.0,7.993605792190378E-19

41.10195,80.624626,74.69987,2.0,1.2,0.8999999761581421,123.25332930922741,112.88268103270093,22.08875215385342,0.0,0.0,0.0,7.993605792190378E-19

41.097866,80.706406,74.59022,2.0,1.2,0.8999999761581421,123.1626310490683,114.62712172069587,21.0700975265936,0.0,0.0,0.0,7.993605792190378E-19

41.11399,80.8058,74.487236,2.0,1.2,0.8999999761581421,123.52079113997752,116.76534371473826,20.13528712565312,0.0,0.0,0.0,7.993605792190378E-19

41.113335,80.94373,74.393745,2.0,1.2,0.8999999761581421,123.50620717095444,119.76529668836156,19.30499883653829,0.0,0.0,0.0,7.993605792190378E-19

41.130424,81.06293,74.27605,2.0,1.2,0.8999999761581421,123.8863495393307,122.38835925236344,18.284575833240524,0.0,0.0,0.0,7.993605792190378E-19

41.149147,81.121254,74.20398,2.0,1.2,0.8999999761581421,124.30347957886988,123.68228980485583,17.67344357073307,0.0,0.0,0.0,7.993605792190378E-19

41.1661,81.25768,74.14866,2.0,1.2,0.8999999761581421,124.68177912343526,126.73542203201214,17.211369444208685,0.0,0.0,0.0,7.993605792190378E-19

41.197536,81.33852,73.85946,2.0,1.2,0.8999999761581421,125.38482296351867,128.56195041933097,14.895423180947546,0.0,0.0,0.0,7.993605792190378E-19

41.235527,81.33543,73.85008,2.0,1.2,0.8999999761581421,126.23706783453235,128.49189009569818,14.82313446723856,0.0,0.0,0.0,7.993605792190378E-19

41.235626,81.26702,73.80735,2.0,1.2,0.8999999761581421,126.23929657135159,126.94576625252375,14.495915230887476,0.0,0.0,0.0,7.993605792190378E-19

41.226704,81.17174,73.70367,2.0,1.2,0.8999999761581421,126.03887470568588,124.80772258737125,13.71714692848036,0.0,0.0,0.0,7.993605792190378E-19

41.229534,81.08244,73.688324,2.0,1.2,0.8999999761581421,126.10243720737344,122.8205481080804,13.603733741678298,0.0,0.0,0.0,7.993605792190378E-19

41.242275,81.07948,73.61406,2.0,1.2,0.8999999761581421,126.38875252778234,122.7549442613963,13.061425695428625,0.0,0.0,0.0,7.993605792190378E-19

41.228676,81.11236,73.73253,2.0,1.2,0.8999999761581421,126.08316117111826,123.48450239287922,13.931770395720378,0.0,0.0,0.0,7.993605792190378E-19

41.235783,81.22572,73.784065,2.0,1.2,0.8999999761581421,126.24281115784834,126.01686285831966,14.319149790389929,0.0,0.0,0.0,7.993605792190378E-19

41.228016,81.315994,73.83607,2.0,1.2,0.8999999761581421,126.06834104297741,128.05172615335323,14.715411560668144,0.0,0.0,0.0,7.993605792190378E-19

41.244003,81.35014,73.795494,2.0,1.2,0.8999999761581421,126.42761011817493,128.82575594098307,14.405775308201555,0.0,0.0,0.0,7.993605792190378E-19

41.181557,81.34804,73.77491,2.0,1.2,0.8999999761581421,125.02721027244115,128.77796008833684,14.249945305346046,0.0,0.0,0.0,7.993605792190378E-19

41.14589,81.3881,73.91342,2.0,1.2,0.8999999761581421,124.23084789165296,129.6888141031959,15.31486886087805,0.0,0.0,0.0,7.993605792190378E-19

41.12174,81.431046,73.92895,2.0,1.2,0.8999999761581421,123.6930657907069,130.66880195983686,15.43662805488566,0.0,0.0,0.0,7.993605792190378E-19

41.09533,81.44966,74.00261,2.0,1.2,0.8999999761581421,123.10633193521062,131.09474285156466,16.02088083163835,0.0,0.0,0.0,7.993605792190378E-19

41.093422,81.41527,74.135826,2.0,1.2,0.8999999761581421,123.064010250906,130.30834224098362,17.105057619104628,0.0,0.0,0.0,7.993605792190378E-19

41.09539,81.38167,74.21052,2.0,1.2,0.8999999761581421,123.10768634924898,129.5423685295973,17.72846084559569,0.0,0.0,0.0,7.993605792190378E-19

41.10016,81.37136,74.27433,2.0,1.2,0.8999999761581421,123.21352297440171,129.3078459618264,18.26989813853288,0.0,0.0,0.0,7.993605792190378E-19

41.096992,81.38069,74.381165,2.0,1.2,0.8999999761581421,123.14324238250265,129.52013966278173,19.194602821022272,0.0,0.0,0.0,7.993605792190378E-19

41.07479,81.41368,74.38576,2.0,1.2,0.8999999761581421,122.65099468786502,130.27211466082372,19.23486837767996,0.0,0.0,0.0,7.993605792190378E-19

41.01463,81.44657,74.42889,2.0,1.2,0.8999999761581421,121.32206002659223,131.02399567287648,19.615034864342306,0.0,0.0,0.0,7.993605792190378E-19

40.985558,81.49836,74.58661,2.0,1.2,0.8999999761581421,120.68247481953586,132.2122753346921,21.03698107972741,0.0,0.0,0.0,7.993605792190378E-19

40.93557,81.614426,74.5604,2.0,1.2,0.8999999761581421,119.58668604545528,134.89488339261152,20.7972656400525,0.0,0.0,0.0,7.993605792190378E-19

40.91062,81.6822,74.50218,2.0,1.2,0.8999999761581421,119.04166463814909,136.47374008322367,20.26964282267727,0.0,0.0,0.0,7.993605792190378E-19

